class Solution:
    def updateMatrix(self, mat: List[List[int]]) -> List[List[int]]:
        m, n = len(mat), len(mat[0])
        dists = [[0] * n for _ in range(m)]
        import collections
        queue = collections.deque()
        for i in range(m):
            for j in range(n):
                if mat[i][j] == 0:
                    dists[i][j] = 0
                    queue.append([i, j])
                else:
                    dists[i][j] = 1e9

        dirs = [[-1, 0], [1, 0], [0, -1], [0, 1]]
        while queue:
            pos = queue.popleft()
            dist = dists[pos[0]][pos[1]]
            for dir in dirs:
                r = dir[0] + pos[0]
                c = dir[1] + pos[1]
                if 0 <= r < m and 0 <= c < n and dists[r][c] > dist + 1:
                    dists[r][c] = dist + 1
                    queue.append([r, c])
        return dists



# runtime:N/A
# memory:N/A
# total_testcases:50
# total_correct:41
# input_formatted:[[0,1],[0,1],[0,1],[0,1],[0,1],[0,1],[0,1],[0,1],[0,1],[0,1],[0,1],[0,1],[0,1],[0,1],[0,1],[0,1],[0,1],[0,1],[0,1],[0,1],[0,1],[0,1],[0,1],[0,1],[0,1],[0,1],[0,1],[0,1],[0,1],[0,1],[0,1],[0,1],[0,1],[0,1],[0,1],[0,1],[0,1],[0,1],[0,1],[0,1],[0,1],[0,1],[0,1],[0,1],[0,1],[0,1],[0,1],[0,1],[0,1],[0,1],[0,1],[0,1],[0,1],[0,1],[0,1],[0,1],[0,1],[0,1],[0,1],[0,1],[0,1],[0,1],[0,1],[0,1],[0,1],[0,1],[0,1],[0,1],[0,1],[0,1],[0,1],[0,1],[0,1],[0,1],[0,1],[0,1],[0,1],[0,1],[0,1],[0,1],[0,1],[0,1],[0,1],[0,1],[0,1],[0,1],[0,1],[0,1],[0,1],[0,1],[0,1],[0,1],[0,1],[0,1],[0,1],[0,1],[0,1],[0,1],[0,1],[0,1],[0,1],[0,1],[0,1],[0,1],[0,1],[0,1],[0,1],[0,1],[0,1],[0,1],[0,1],[0,1],[0,1],[0,1],[0,1],[0,1],[0,1],[0,1],[0,1],[0,1],[0,1],[0,1],[0,1],[0,1],[0,1],[0,1],[0,1],[0,1],[0,1],[0,1],[0,1],[0,1],[0,1],[0,1],[0,1],[0,1],[0,1],[0,1],[0,1],[0,1],[0,1],[0,1],[0,1],[0,1],[0,1],[0,1],[0,1],[0,1],[0,1],[0,1],[0,1],[0,1],[0,1],[0,1],[0,1],[0,1],[0,1],[0,1],[0,1],[0,1],[0,1],[0,1],[0,1],[0,1],[0,1],[0,1],[0,1],[0,1],[0,1],[0,1],[0,1],[0,1],[0,1],[0,1],[0,1],[0,1],[0,1],[0,1],[0,1],[0,1],[0,1],[0,1],[0,1],[0,1],[0,1],[0,1],[0,1],[0,1],[0,1],[0,1],[0,1],[0,1],[0,1],[0,1],[0,1],[0,1],[0,1],[0,1],[0,1],[0,1],[0,1],[0,1],[0,1],[0,1],[0,1],[0,1],[0,1],[0,1],[0,1],[0,1],[0,1],[0,1],[0,1],[0,1],[0,1],[0,1],[0,1],[0,1],[0,1],[0,1],[0,1],[0,1],[0,1],[0,1],[0,1],[0,1],[0,1],[0,1],[0,1],[0,1],[0,1],[0,1],[0,1],[0,1],[0,1],[0,1],[0,1],[0,1],[0,1],[0,1],[0,1],[0,1],[0,1],[0,1],[0,1],[0,1],[0,1],[0,1],[0,1],[0,1],[0,1],[0,1],[0,1],[0,1],[0,1],[0,1],[0,1],[0,1],[0,1],[0,1],[0,1],[0,1],[0,1],[0,1],[0,1],[0,1],[0,1],[0,1],[0,1],[0,1],[0,1],[0,1],[0,1],[0,1],[0,1],[0,1],[0,1],[0,1],[0,1],[0,1],[0,1],[0,1],[0,1],[0,1],[0,1],[0,1],[0,1],[0,1],[0,1],[0,1],[0,1],[0,1],[0,1],[0,1],[0,1],[0,1],[0,1],[0,1],[0,1],[0,1],[0,1],[0,1],[0,1],[0,1],[0,1],[0,1],[0,1],[0,1],[0,1],[0,1],[0,1],[0,1],[0,1],[0,1],[0,1],[0,1],[0,1],[0,1],[0,1],[0,1],[0,1],[0,1],[0,1],[0,1],[0,1],[0,1],[0,1],[0,1],[0,1],[0,1],[0,1],[0,1],[0,1],[0,1],[0,1],[0,1],[0,1],[0,1],[0,1],[0,1],[0,1],[0,1],[0,1],[0,1],[0,1],[0,1],[0,1],[0,1],[0,1],[0,1],[0,1],[0,1],[0,1],[0,1],[0,1],[0,1],[0,1],[0,1],[0,1],[0,1],[0,1],[0,1],[0,1],[0,1],[0,1],[0,1],[0,1],[0,1],[0,1],[0,1],[0,1],[0,1],[0,1],[0,1],[0,1],[0,1],[0,1],[0,1],[0,1],[0,1],[0,1],[0,1],[0,1],[0,1],[0,1],[0,1],[0,1],[0,1],[0,1],[0,1],[0,1],[0,1],[0,1],[0,1],[0,1],[0,1],[0,1],[0,1],[0,1],[0,1],[0,1],[0,1],[0,1],[0,1],[0,1],[0,1],[0,1],[0,1],[0,1],[0,1],[0,1],[0,1],[0,1],[0,1],[0,1],[0,1],[0,1],[0,1],[0,1],[0,1],[0,1],[0,1],[0,1],[0,1],[0,1],[0,1],[0,1],[0,1],[0,1],[0,1],[0,1],[0,1],[0,1],[0,1],[0,1],[0,1],[0,1],[0,1],[0,1],[0,1],[0,1],[0,1],[0,1],[0,1],[0,1],[0,1],[0,1],[0,1],[0,1],[0,1],[0,1],[0,1],[0,1],[0,1],[0,1],[0,1],[0,1],[0,1],[0,1],[0,1],[0,1],[0,1],[0,1],[0,1],[0,1],[0,1],[0,1],[0,1],[0,1],[0,1],[0,1],[0,1],[0,1],[0,1],[0,1],[0,1],[0,1],[0,1],[0,1],[0,1],[0,1],[0,1],[0,1],[0,1],[0,1],[0,1],[0,1],[0,1],[0,1],[0,1],[0,1],[0,1],[0,1],[0,1],[0,1],[0,1],[0,1],[0,1],[0,1],[0,1],[0,1],[0,1],[0,1],[0,1],[0,1],[0,1],[0,1],[0,1],[0,1],[0,1],[0,1],[0,1],[0,1],[0,1],[0,1],[0,1],[0,1],[0,1],[0,1],[0,1],[0,1],[0,1],[0,1],[0,1],[0,1],[0,1],[0,1],[0,1],[0,1],[0,1],[0,1],[0,1],[0,1],[0,1],[0,1],[0,1],[0,1],[0,1],[0,1],[0,1],[0,1],[0,1],[0,1],[0,1],[0,1],[0,1],[0,1],[0,1],[0,1],[0,1],[0,1],[0,1],[0,1],[0,1],[0,1],[0,1],[0,1],[0,1],[0,1],[0,1],[0,1],[0,1],[0,1],[0,1],[0,1],[0,1],[0,1],[0,1],[0,1],[0,1],[0,1],[0,1],[0,1],[0,1],[0,1],[0,1],[0,1],[0,1],[0,1],[0,1],[0,1],[0,1],[0,1],[0,1],[0,1],[0,1],[0,1],[0,1],[0,1],[0,1],[0,1],[0,1],[0,1],[0,1],[0,1],[0,1],[0,1],[0,1],[0,1],[0,1],[0,1],[0,1],[0,1],[0,1],[0,1],[0,1],[0,1],[0,1],[0,1],[0,1],[0,1],[0,1],[0,1],[0,1],[0,1],[0,1],[0,1],[0,1],[0,1],[0,1],[0,1],[0,1],[0,1],[0,1],[0,1],[0,1],[0,1],[0,1],[0,1],[0,1],[0,1],[0,1],[0,1],[0,1],[0,1],[0,1],[0,1],[0,1],[0,1],[0,1],[0,1],[0,1],[0,1],[0,1],[0,1],[0,1],[0,1],[0,1],[0,1],[0,1],[0,1],[0,1],[0,1],[0,1],[0,1],[0,1],[0,1],[0,1],[0,1],[0,1],[0,1],[0,1],[0,1],[0,1],[0,1],[0,1],[0,1],[0,1],[0,1],[0,1],[0,1],[0,1],[0,1],[0,1],[0,1],[0,1],[0,1],[0,1],[0,1],[0,1],[0,1],[0,1],[0,1],[0,1],[0,1],[0,1],[0,1],[0,1],[0,1],[0,1],[0,1],[0,1],[0,1],[0,1],[0,1],[0,1],[0,1],[0,1],[0,1],[0,1],[0,1],[0,1],[0,1],[0,1],[0,1],[0,1],[0,1],[0,1],[0,1],[0,1],[0,1],[0,1],[0,1],[0,1],[0,1],[0,1],[0,1],[0,1],[0,1],[0,1],[0,1],[0,1],[0,1],[0,1],[0,1],[0,1],[0,1],[0,1],[0,1],[0,1],[0,1],[0,1],[0,1],[0,1],[0,1],[0,1],[0,1],[0,1],[0,1],[0,1],[0,1],[0,1],[0,1],[0,1],[0,1],[0,1],[0,1],[0,1],[0,1],[0,1],[0,1],[0,1],[0,1],[0,1],[0,1],[0,1],[0,1],[0,1],[0,1],[0,1],[0,1],[0,1],[0,1],[0,1],[0,1],[0,1],[0,1],[0,1],[0,1],[0,1],[0,1],[0,1],[0,1],[0,1],[0,1],[0,1],[0,1],[0,1],[0,1],[0,1],[0,1],[0,1],[0,1],[0,1],[0,1],[0,1],[0,1],[0,1],[0,1],[0,1],[0,1],[0,1],[0,1],[0,1],[0,1],[0,1],[0,1],[0,1],[0,1],[0,1],[0,1],[0,1],[0,1],[0,1],[0,1],[0,1],[0,1],[0,1],[0,1],[0,1],[0,1],[0,1],[0,1],[0,1],[0,1],[0,1],[0,1],[0,1],[0,1],[0,1],[0,1],[0,1],[0,1],[0,1],[0,1],[0,1],[0,1],[0,1],[0,1],[0,1],[0,1],[0,1],[0,1],[0,1],[0,1],[0,1],[0,1],[0,1],[0,1],[0,1],[0,1],[0,1],[0,1],[0,1],[0,1],[0,1],[0,1],[0,1],[0,1],[0,1],[0,1],[0,1],[0,1],[0,1],[0,1],[0,1],[0,1],[0,1],[0,1],[0,1],[0,1],[0,1],[0,1],[0,1],[0,1],[0,1],[0,1],[0,1],[0,1],[0,1],[0,1],[0,1],[0,1],[0,1],[0,1],[0,1],[0,1],[0,1],[0,1],[0,1],[0,1],[0,1],[0,1],[0,1],[0,1],[0,1],[0,1],[0,1],[0,1],[0,1],[0,1],[0,1],[0,1],[0,1],[0,1],[0,1],[0,1],[0,1],[0,1],[0,1],[0,1],[0,1],[0,1],[0,1],[0,1],[0,1],[0,1],[0,1],[0,1],[0,1],[0,1],[0,1],[0,1],[0,1],[0,1],[0,1],[0,1],[0,1],[0,1],[0,1],[0,1],[0,1],[0,1],[0,1],[0,1],[0,1],[0,1],[0,1],[0,1],[0,1],[0,1],[0,1],[0,1],[0,1],[0,1],[0,1],[0,1],[0,1],[0,1],[0,1],[0,1],[0,1],[0,1],[0,1],[0,1],[0,1],[0,1],[0,1],[0,1],[0,1],[0,1],[0,1],[0,1],[0,1],[0,1],[0,1],[0,1],[0,1],[0,1],[0,1],[0,1],[0,1],[0,1],[0,1],[0,1],[0,1],[0,1],[0,1],[0,1],[0,1],[0,1],[0,1],[0,1],[0,1],[0,1],[0,1],[0,1],[0,1],[0,1],[0,1],[0,1],[0,1],[0,1],[0,1],[0,1],[0,1],[0,1],[0,1],[0,1],[0,1],[0,1],[0,1],[0,1],[0,1],[0,1],[0,1],[0,1],[0,1],[0,1],[0,1],[0,1],[0,1],[0,1],[0,1],[0,1],[0,1],[0,1],[0,1],[0,1],[0,1],[0,1],[0,1],[0,1],[0,1],[0,1],[0,1],[0,1],[0,1],[0,1],[0,1],[0,1],[0,1],[0,1],[0,1],[0,1],[0,1],[0,1],[0,1],[0,1],[0,1],[0,1],[0,1],[0,1],[0,1],[0,1],[0,1],[0,1],[0,1],[0,1],[0,1],[0,1],[0,1],[0,1],[0,1],[0,1],[0,1],[0,1],[0,1],[0,1],[0,1],[0,1],[0,1],[0,1],[0,1],[0,1],[0,1],[0,1],[0,1],[0,1],[0,1],[0,1],[0,1],[0,1],[0,1],[0,1],[0,1],[0,1],[0,1],[0,1],[0,1],[0,1],[0,1],[0,1],[0,1],[0,1],[0,1],[0,1],[0,1],[0,1],[0,1],[0,1],[0,1],[0,1],[0,1],[0,1],[0,1],[0,1],[0,1],[0,1],[0,1],[0,1],[0,1],[0,1],[0,1],[0,1],[0,1],[0,1],[0,1],[0,1],[0,1],[0,1],[0,1],[0,1],[0,1],[0,1],[0,1],[0,1],[0,1],[0,1],[0,1],[0,1],[0,1],[0,1],[0,1],[0,1],[0,1],[0,1],[0,1],[0,1],[0,1],[0,1],[0,1],[0,1],[0,1],[0,1],[0,1],[0,1],[0,1],[0,1],[0,1],[0,1],[0,1],[0,1],[0,1],[0,1],[0,1],[0,1],[0,1],[0,1],[0,1],[0,1],[0,1],[0,1],[0,1],[0,1],[0,1],[0,1],[0,1],[0,1],[0,1],[0,1],[0,1],[0,1],[0,1],[0,1],[0,1],[0,1],[0,1],[0,1],[0,1],[0,1],[0,1],[0,1],[0,1],[0,1],[0,1],[0,1],[0,1],[0,1],[0,1],[0,1],[0,1],[0,1],[0,1],[0,1],[0,1],[0,1],[0,1],[0,1],[0,1],[0,1],[0,1],[0,1],[0,1],[0,1],[0,1],[0,1],[0,1],[0,1],[0,1],[0,1],[0,1],[0,1],[0,1],[0,1],[0,1],[0,1],[0,1],[0,1],[0,1],[0,1],[0,1],[0,1],[0,1],[0,1],[0,1],[0,1],[0,1],[0,1],[0,1],[0,1],[0,1],[0,1],[0,1],[0,1],[0,1],[0,1],[0,1],[0,1],[0,1],[0,1],[0,1],[0,1],[0,1],[0,1],[0,1],[0,1],[0,1],[0,1],[0,1],[0,1],[0,1],[0,1],[0,1],[0,1],[0,1],[0,1],[0,1],[0,1],[0,1],[0,1],[0,1],[0,1],[0,1],[0,1],[0,1],[0,1],[0,1],[0,1],[0,1],[0,1],[0,1],[0,1],[0,1],[0,1],[0,1],[0,1],[0,1],[0,1],[0,1],[0,1],[0,1],[0,1],[0,1],[0,1],[0,1],[0,1],[0,1],[0,1],[0,1],[0,1],[0,1],[0,1],[0,1],[0,1],[0,1],[0,1],[0,1],[0,1],[0,1],[0,1],[0,1],[0,1],[0,1],[0,1],[0,1],[0,1],[0,1],[0,1],[0,1],[0,1],[0,1],[0,1],[0,1],[0,1],[0,1],[0,1],[0,1],[0,1],[0,1],[0,1],[0,1],[0,1],[0,1],[0,1],[0,1],[0,1],[0,1],[0,1],[0,1],[0,1],[0,1],[0,1],[0,1],[0,1],[0,1],[0,1],[0,1],[0,1],[0,1],[0,1],[0,1],[0,1],[0,1],[0,1],[0,1],[0,1],[0,1],[0,1],[0,1],[0,1],[0,1],[0,1],[0,1],[0,1],[0,1],[0,1],[0,1],[0,1],[0,1],[0,1],[0,1],[0,1],[0,1],[0,1],[0,1],[0,1],[0,1],[0,1],[0,1],[0,1],[0,1],[0,1],[0,1],[0,1],[0,1],[0,1],[0,1],[0,1],[0,1],[0,1],[0,1],[0,1],[0,1],[0,1],[0,1],[0,1],[0,1],[0,1],[0,1],[0,1],[0,1],[0,1],[0,1],[0,1],[0,1],[0,1],[0,1],[0,1],[0,1],[0,1],[0,1],[0,1],[0,1],[0,1],[0,1],[0,1],[0,1],[0,1],[0,1],[0,1],[0,1],[0,1],[0,1],[0,1],[0,1],[0,1],[0,1],[0,1],[0,1],[0,1],[0,1],[0,1],[0,1],[0,1],[0,1],[0,1],[0,1],[0,1],[0,1],[0,1],[0,1],[0,1],[0,1],[0,1],[0,1],[0,1],[0,1],[0,1],[0,1],[0,1],[0,1],[0,1],[0,1],[0,1],[0,1],[0,1],[0,1],[0,1],[0,1],[0,1],[0,1],[0,1],[0,1],[0,1],[0,1],[0,1],[0,1],[0,1],[0,1],[0,1],[0,1],[0,1],[0,1],[0,1],[0,1],[0,1],[0,1],[0,1],[0,1],[0,1],[0,1],[0,1],[0,1],[0,1],[0,1],[0,1],[0,1],[0,1],[0,1],[0,1],[0,1],[0,1],[0,1],[0,1],[0,1],[0,1],[0,1],[0,1],[0,1],[0,1],[0,1],[0,1],[0,1],[0,1],[0,1],[0,1],[0,1],[0,1],[0,1],[0,1],[0,1],[0,1],[0,1],[0,1],[0,1],[0,1],[0,1],[0,1],[0,1],[0,1],[0,1],[0,1],[0,1],[0,1],[0,1],[0,1],[0,1],[0,1],[0,1],[0,1],[0,1],[0,1],[0,1],[0,1],[0,1],[0,1],[0,1],[0,1],[0,1],[0,1],[0,1],[0,1],[0,1],[0,1],[0,1],[0,1],[0,1],[0,1],[0,1],[0,1],[0,1],[0,1],[0,1],[0,1],[0,1],[0,1],[0,1],[0,1],[0,1],[0,1],[0,1],[0,1],[0,1],[0,1],[0,1],[0,1],[0,1],[0,1],[0,1],[0,1],[0,1],[0,1],[0,1],[0,1],[0,1],[0,1],[0,1],[0,1],[0,1],[0,1],[0,1],[0,1],[0,1],[0,1],[0,1],[0,1],[0,1],[0,1],[0,1],[0,1],[0,1],[0,1],[0,1],[0,1],[0,1],[0,1],[0,1],[0,1],[0,1],[0,1],[0,1],[0,1],[0,1],[0,1],[0,1],[0,1],[0,1],[0,1],[0,1],[0,1],[0,1],[0,1],[0,1],[0,1],[0,1],[0,1],[0,1],[0,1],[0,1],[0,1],[0,1],[0,1],[0,1],[0,1],[0,1],[0,1],[0,1],[0,1],[0,1],[0,1],[0,1],[0,1],[0,1],[0,1],[0,1],[0,1],[0,1],[0,1],[0,1],[0,1],[0,1],[0,1],[0,1],[0,1],[0,1],[0,1],[0,1],[0,1],[0,1],[0,1],[0,1],[0,1],[0,1],[0,1],[0,1],[0,1],[0,1],[0,1],[0,1],[0,1],[0,1],[0,1],[0,1],[0,1],[0,1],[0,1],[0,1],[0,1],[0,1],[0,1],[0,1],[0,1],[0,1],[0,1],[0,1],[0,1],[0,1],[0,1],[0,1],[0,1],[0,1],[0,1],[0,1],[0,1],[0,1],[0,1],[0,1],[0,1],[0,1],[0,1],[0,1],[0,1],[0,1],[0,1],[0,1],[0,1],[0,1],[0,1],[0,1],[0,1],[0,1],[0,1],[0,1],[0,1],[0,1],[0,1],[0,1],[0,1],[0,1],[0,1],[0,1],[0,1],[0,1],[0,1],[0,1],[0,1],[0,1],[0,1],[0,1],[0,1],[0,1],[0,1],[0,1],[0,1],[0,1],[0,1],[0,1],[0,1],[0,1],[0,1],[0,1],[0,1],[0,1],[0,1],[0,1],[0,1],[0,1],[0,1],[0,1],[0,1],[0,1],[0,1],[0,1],[0,1],[0,1],[0,1],[0,1],[0,1],[0,1],[0,1],[0,1],[0,1],[0,1],[0,1],[0,1],[0,1],[0,1],[0,1],[0,1],[0,1],[0,1],[0,1],[0,1],[0,1],[0,1],[0,1],[0,1],[0,1],[0,1],[0,1],[0,1],[0,1],[0,1],[0,1],[0,1],[0,1],[0,1],[0,1],[0,1],[0,1],[0,1],[0,1],[0,1],[0,1],[0,1],[0,1],[0,1],[0,1],[0,1],[0,1],[0,1],[0,1],[0,1],[0,1],[0,1],[0,1],[0,1],[0,1],[0,1],[0,1],[0,1],[0,1],[0,1],[0,1],[0,1],[0,1],[0,1],[0,1],[0,1],[0,1],[0,1],[0,1],[0,1],[0,1],[0,1],[0,1],[0,1],[0,1],[0,1],[0,1],[0,1],[0,1],[0,1],[0,1],[0,1],[0,1],[0,1],[0,1],[0,1],[0,1],[0,1],[0,1],[0,1],[0,1],[0,1],[0,1],[0,1],[0,1],[0,1],[0,1],[0,1],[0,1],[0,1],[0,1],[0,1],[0,1],[0,1],[0,1],[0,1],[0,1],[0,1],[0,1],[0,1],[0,1],[0,1],[0,1],[0,1],[0,1],[0,1],[0,1],[0,1],[0,1],[0,1],[0,1],[0,1],[0,1],[0,1],[0,1],[0,1],[0,1],[0,1],[0,1],[0,1],[0,1],[0,1],[0,1],[0,1],[0,1],[0,1],[0,1],[0,1],[0,1],[0,1],[0,1],[0,1],[0,1],[0,1],[0,1],[0,1],[0,1],[0,1],[0,1],[0,1],[0,1],[0,1],[0,1],[0,1],[0,1],[0,1],[0,1],[0,1],[0,1],[0,1],[0,1],[0,1],[0,1],[0,1],[0,1],[0,1],[0,1],[0,1],[0,1],[0,1],[0,1],[0,1],[0,1],[0,1],[0,1],[0,1],[0,1],[0,1],[0,1],[0,1],[0,1],[0,1],[0,1],[0,1],[0,1],[0,1],[0,1],[0,1],[0,1],[0,1],[0,1],[0,1],[0,1],[0,1],[0,1],[0,1],[0,1],[0,1],[0,1],[0,1],[0,1],[0,1],[0,1],[0,1],[0,1],[0,1],[0,1],[0,1],[0,1],[0,1],[0,1],[0,1],[0,1],[0,1],[0,1],[0,1],[0,1],[0,1],[0,1],[0,1],[0,1],[0,1],[0,1],[0,1],[0,1],[0,1],[0,1],[0,1],[0,1],[0,1],[0,1],[0,1],[0,1],[0,1],[0,1],[0,1],[0,1],[0,1],[0,1],[0,1],[0,1],[0,1],[0,1],[0,1],[0,1],[0,1],[0,1],[0,1],[0,1],[0,1],[0,1],[0,1],[0,1],[0,1],[0,1],[0,1],[0,1],[0,1],[0,1],[0,1],[0,1],[0,1],[0,1],[0,1],[0,1],[0,1],[0,1],[0,1],[0,1],[0,1],[0,1],[0,1],[0,1],[0,1],[0,1],[0,1],[0,1],[0,1],[0,1],[0,1],[0,1],[0,1],[0,1],[0,1],[0,1],[0,1],[0,1],[0,1],[0,1],[0,1],[0,1],[0,1],[0,1],[0,1],[0,1],[0,1],[0,1],[0,1],[0,1],[0,1],[0,1],[0,1],[0,1],[0,1],[0,1],[0,1],[0,1],[0,1],[0,1],[0,1],[0,1],[0,1],[0,1],[0,1],[0,1],[0,1],[0,1],[0,1],[0,1],[0,1],[0,1],[0,1],[0,1],[0,1],[0,1],[0,1],[0,1],[0,1],[0,1],[0,1],[0,1],[0,1],[0,1],[0,1],[0,1],[0,1],[0,1],[0,1],[0,1],[0,1],[0,1],[0,1],[0,1],[0,1],[0,1],[0,1],[0,1],[0,1],[0,1],[0,1],[0,1],[0,1],[0,1],[0,1],[0,1],[0,1],[0,1],[0,1],[0,1],[0,1],[0,1],[0,1],[0,1],[0,1],[0,1],[0,1],[0,1],[0,1],[0,1],[0,1],[0,1],[0,1],[0,1],[0,1],[0,1],[0,1],[0,1],[0,1],[0,1],[0,1],[0,1],[0,1],[0,1],[0,1],[0,1],[0,1],[0,1],[0,1],[0,1],[0,1],[0,1],[0,1],[0,1],[0,1],[0,1],[0,1],[0,1],[0,1],[0,1],[0,1],[0,1],[0,1],[0,1],[0,1],[0,1],[0,1],[0,1],[0,1],[0,1],[0,1],[0,1],[0,1],[0,1],[0,1],[0,1],[0,1],[0,1],[0,1],[0,1],[0,1],[0,1],[0,1],[0,1],[0,1],[0,1],[0,1],[0,1],[0,1],[0,1],[0,1],[0,1],[0,1],[0,1],[0,1],[0,1],[0,1],[0,1],[0,1],[0,1],[0,1],[0,1],[0,1],[0,1],[0,1],[0,1],[0,1],[0,1],[0,1],[0,1],[0,1],[0,1],[0,1],[0,1],[0,1],[0,1],[0,1],[0,1],[0,1],[0,1],[0,1],[0,1],[0,1],[0,1],[0,1],[0,1],[0,1],[0,1],[0,1],[0,1],[0,1],[0,1],[0,1],[0,1],[0,1],[0,1],[0,1],[0,1],[0,1],[0,1],[0,1],[0,1],[0,1],[0,1],[0,1],[0,1],[0,1],[0,1],[0,1],[0,1],[0,1],[0,1],[0,1],[0,1],[0,1],[0,1],[0,1],[0,1],[0,1],[0,1],[0,1],[0,1],[0,1],[0,1],[0,1],[0,1],[0,1],[0,1],[0,1],[0,1],[0,1],[0,1],[0,1],[0,1],[0,1],[0,1],[0,1],[0,1],[0,1],[0,1],[0,1],[0,1],[0,1],[0,1],[0,1],[0,1],[0,1],[0,1],[0,1],[0,1],[0,1],[0,1],[0,1],[0,1],[0,1],[0,1],[0,1],[0,1],[0,1],[0,1],[0,1],[0,1],[0,1],[0,1],[0,1],[0,1],[0,1],[0,1],[0,1],[0,1],[0,1],[0,1],[0,1],[0,1],[0,1],[0,1],[0,1],[0,1],[0,1],[0,1],[0,1],[0,1],[0,1],[0,1],[0,1],[0,1],[0,1],[0,1],[0,1],[0,1],[0,1],[0,1],[0,1],[0,1],[0,1],[0,1],[0,1],[0,1],[0,1],[0,1],[0,1],[0,1],[0,1],[0,1],[0,1],[0,1],[0,1],[0,1],[0,1],[0,1],[0,1],[0,1],[0,1],[0,1],[0,1],[0,1],[0,1],[0,1],[0,1],[0,1],[0,1],[0,1],[0,1],[0,1],[0,1],[0,1],[0,1],[0,1],[0,1],[0,1],[0,1],[0,1],[0,1],[0,1],[0,1],[0,1],[0,1],[0,1],[0,1],[0,1],[0,1],[0,1],[0,1],[0,1],[0,1],[0,1],[0,1],[0,1],[0,1],[0,1],[0,1],[0,1],[0,1],[0,1],[0,1],[0,1],[0,1],[0,1],[0,1],[0,1],[0,1],[0,1],[0,1],[0,1],[0,1],[0,1],[0,1],[0,1],[0,1],[0,1],[0,1],[0,1],[0,1],[0,1],[0,1],[0,1],[0,1],[0,1],[0,1],[0,1],[0,1],[0,1],[0,1],[0,1],[0,1],[0,1],[0,1],[0,1],[0,1],[0,1],[0,1],[0,1],[0,1],[0,1],[0,1],[0,1],[0,1],[0,1],[0,1],[0,1],[0,1],[0,1],[0,1],[0,1],[0,1],[0,1],[0,1],[0,1],[0,1],[0,1],[0,1],[0,1],[0,1],[0,1],[0,1],[0,1],[0,1],[0,1],[0,1],[0,1],[0,1],[0,1],[0,1],[0,1],[0,1],[0,1],[0,1],[0,1],[0,1],[0,1],[0,1],[0,1],[0,1],[0,1],[0,1],[0,1],[0,1],[0,1],[0,1],[0,1],[0,1],[0,1],[0,1],[0,1],[0,1],[0,1],[0,1],[0,1],[0,1],[0,1],[0,1],[0,1],[0,1],[0,1],[0,1],[0,1],[0,1],[0,1],[0,1],[0,1],[0,1],[0,1],[0,1],[0,1],[0,1],[0,1],[0,1],[0,1],[0,1],[0,1],[0,1],[0,1],[0,1],[0,1],[0,1],[0,1],[0,1],[0,1],[0,1],[0,1],[0,1],[0,1],[0,1],[0,1],[0,1],[0,1],[0,1],[0,1],[0,1],[0,1],[0,1],[0,1],[0,1],[0,1],[0,1],[0,1],[0,1],[0,1],[0,1],[0,1],[0,1],[0,1],[0,1],[0,1],[0,1],[0,1],[0,1],[0,1],[0,1],[0,1],[0,1],[0,1],[0,1],[0,1],[0,1],[0,1],[0,1],[0,1],[0,1],[0,1],[0,1],[0,1],[0,1],[0,1],[0,1],[0,1],[0,1],[0,1],[0,1],[0,1],[0,1],[0,1],[0,1],[0,1],[0,1],[0,1],[0,1],[0,1],[0,1],[0,1],[0,1],[0,1],[0,1],[0,1],[0,1],[0,1],[0,1],[0,1],[0,1],[0,1],[0,1],[0,1],[0,1],[0,1],[0,1],[0,1],[0,1],[0,1],[0,1],[0,1],[0,1],[0,1],[0,1],[0,1],[0,1],[0,1],[0,1],[0,1],[0,1],[0,1],[0,1],[0,1],[0,1],[0,1],[0,1],[0,1],[0,1],[0,1],[0,1],[0,1],[0,1],[0,1],[0,1],[0,1],[0,1],[0,1],[0,1],[0,1],[0,1],[0,1],[0,1],[0,1],[0,1],[0,1],[0,1],[0,1],[0,1],[0,1],[0,1],[0,1],[0,1],[0,1],[0,1],[0,1],[0,1],[0,1],[0,1],[0,1],[0,1],[0,1],[0,1],[0,1],[0,1],[0,1],[0,1],[0,1],[0,1],[0,1],[0,1],[0,1],[0,1],[0,1],[0,1],[0,1],[0,1],[0,1],[0,1],[0,1],[0,1],[0,1],[0,1],[0,1],[0,1],[0,1],[0,1],[0,1],[0,1],[0,1],[0,1],[0,1],[0,1],[0,1],[0,1],[0,1],[0,1],[0,1],[0,1],[0,1],[0,1],[0,1],[0,1],[0,1],[0,1],[0,1],[0,1],[0,1],[0,1],[0,1],[0,1],[0,1],[0,1],[0,1],[0,1],[0,1],[0,1],[0,1],[0,1],[0,1],[0,1],[0,1],[0,1],[0,1],[0,1],[0,1],[0,1],[0,1],[0,1],[0,1],[0,1],[0,1],[0,1],[0,1],[0,1],[0,1],[0,1],[0,1],[0,1],[0,1],[0,1],[0,1],[0,1],[0,1],[0,1],[0,1],[0,1],[0,1],[0,1],[0,1],[0,1],[0,1],[0,1],[0,1],[0,1],[0,1],[0,1],[0,1],[0,1],[0,1],[0,1],[0,1],[0,1],[0,1],[0,1],[0,1],[0,1],[0,1],[0,1],[0,1],[0,1],[0,1],[0,1],[0,1],[0,1],[0,1],[0,1],[0,1],[0,1],[0,1],[0,1],[0,1],[0,1],[0,1],[0,1],[0,1],[0,1],[0,1],[0,1],[0,1],[0,1],[0,1],[0,1],[0,1],[0,1],[0,1],[0,1],[0,1],[0,1],[0,1],[0,1],[0,1],[0,1],[0,1],[0,1],[0,1],[0,1],[0,1],[0,1],[0,1],[0,1],[0,1],[0,1],[0,1],[0,1],[0,1],[0,1],[0,1],[0,1],[0,1],[0,1],[0,1],[0,1],[0,1],[0,1],[0,1],[0,1],[0,1],[0,1],[0,1],[0,1],[0,1],[0,1],[0,1],[0,1],[0,1],[0,1],[0,1],[0,1],[0,1],[0,1],[0,1],[0,1],[0,1],[0,1],[0,1],[0,1],[0,1],[0,1],[0,1],[0,1],[0,1],[0,1],[0,1],[0,1],[0,1],[0,1],[0,1],[0,1],[0,1],[0,1],[0,1],[0,1],[0,1],[0,1],[0,1],[0,1],[0,1],[0,1],[0,1],[0,1],[0,1],[0,1],[0,1],[0,1],[0,1],[0,1],[0,1],[0,1],[0,1],[0,1],[0,1],[0,1],[0,1],[0,1],[0,1],[0,1],[0,1],[0,1],[0,1],[0,1],[0,1],[0,1],[0,1],[0,1],[0,1],[0,1],[0,1],[0,1],[0,1],[0,1],[0,1],[0,1],[0,1],[0,1],[0,1],[0,1],[0,1],[0,1],[0,1],[0,1],[0,1],[0,1],[0,1],[0,1],[0,1],[0,1],[0,1],[0,1],[0,1],[0,1],[0,1],[0,1],[0,1],[0,1],[0,1],[0,1],[0,1],[0,1],[0,1],[0,1],[0,1],[0,1],[0,1],[0,1],[0,1],[0,1],[0,1],[0,1],[0,1],[0,1],[0,1],[0,1],[0,1],[0,1],[0,1],[0,1],[0,1],[0,1],[0,1],[0,1],[0,1],[0,1],[0,1],[0,1],[0,1],[0,1],[0,1],[0,1],[0,1],[0,1],[0,1],[0,1],[0,1],[0,1],[0,1],[0,1],[0,1],[0,1],[0,1],[0,1],[0,1],[0,1],[0,1],[0,1],[0,1],[0,1],[0,1],[0,1],[0,1],[0,1],[0,1],[0,1],[0,1],[0,1],[0,1],[0,1],[0,1],[0,1],[0,1],[0,1],[0,1],[0,1],[0,1],[0,1],[0,1],[0,1],[0,1],[0,1],[0,1],[0,1],[0,1],[0,1],[0,1],[0,1],[0,1],[0,1],[0,1],[0,1],[0,1],[0,1],[0,1],[0,1],[0,1],[0,1],[0,1],[0,1],[0,1],[0,1],[0,1],[0,1],[0,1],[0,1],[0,1],[0,1],[0,1],[0,1],[0,1],[0,1],[0,1],[0,1],[0,1],[0,1],[0,1],[0,1],[0,1],[0,1],[0,1],[0,1],[0,1],[0,1],[0,1],[0,1],[0,1],[0,1],[0,1],[0,1],[0,1],[0,1],[0,1],[0,1],[0,1],[0,1],[0,1],[0,1],[0,1],[0,1],[0,1],[0,1],[0,1],[0,1],[0,1],[0,1],[0,1],[0,1],[0,1],[0,1],[0,1],[0,1],[0,1],[0,1],[0,1],[0,1],[0,1],[0,1],[0,1],[0,1],[0,1],[0,1],[0,1],[0,1],[0,1],[0,1],[0,1],[0,1],[0,1],[0,1],[0,1],[0,1],[0,1],[0,1],[0,1],[0,1],[0,1],[0,1],[0,1],[0,1],[0,1],[0,1],[0,1],[0,1],[0,1],[0,1],[0,1],[0,1],[0,1],[0,1],[0,1],[0,1],[0,1],[0,1],[0,1],[0,1],[0,1],[0,1],[0,1],[0,1],[0,1],[0,1],[0,1],[0,1],[0,1],[0,1],[0,1],[0,1],[0,1],[0,1],[0,1],[0,1],[0,1],[0,1],[0,1],[0,1],[0,1],[0,1],[0,1],[0,1],[0,1],[0,1],[0,1],[0,1],[0,1],[0,1],[0,1],[0,1],[0,1],[0,1],[0,1],[0,1],[0,1],[0,1],[0,1],[0,1],[0,1],[0,1],[0,1],[0,1],[0,1],[0,1],[0,1],[0,1],[0,1],[0,1],[0,1],[0,1],[0,1],[0,1],[0,1],[0,1],[0,1],[0,1],[0,1],[0,1],[0,1],[0,1],[0,1],[0,1],[0,1],[0,1],[0,1],[0,1],[0,1],[0,1],[0,1],[0,1],[0,1],[0,1],[0,1],[0,1],[0,1],[0,1],[0,1],[0,1],[0,1],[0,1],[0,1],[0,1],[0,1],[0,1],[0,1],[0,1],[0,1],[0,1],[0,1],[0,1],[0,1],[0,1],[0,1],[0,1],[0,1],[0,1],[0,1],[0,1],[0,1],[0,1],[0,1],[0,1],[0,1],[0,1],[0,1],[0,1],[0,1],[0,1],[0,1],[0,1],[0,1],[0,1],[0,1],[0,1],[0,1],[0,1],[0,1],[0,1],[0,1],[0,1],[0,1],[0,1],[0,1],[0,1],[0,1],[0,1],[0,1],[0,1],[0,1],[0,1],[0,1],[0,1],[0,1],[0,1],[0,1],[0,1],[0,1],[0,1],[0,1],[0,1],[0,1],[0,1],[0,1],[0,1],[0,1],[0,1],[0,1],[0,1],[0,1],[0,1],[0,1],[0,1],[0,1],[0,1],[0,1],[0,1],[0,1],[0,1],[0,1],[0,1],[0,1],[0,1],[0,1],[0,1],[0,1],[0,1],[0,1],[0,1],[0,1],[0,1],[0,1],[0,1],[0,1],[0,1],[0,1],[0,1],[0,1],[0,1],[0,1],[0,1],[0,1],[0,1],[0,1],[0,1],[0,1],[0,1],[0,1],[0,1],[0,1],[0,1],[0,1],[0,1],[0,1],[0,1],[0,1],[0,1],[0,1],[0,1],[0,1],[0,1],[0,1],[0,1],[0,1],[0,1],[0,1],[0,1],[0,1],[0,1],[0,1],[0,1],[0,1],[0,1],[0,1],[0,1],[0,1],[0,1],[0,1],[0,1],[0,1],[0,1],[0,1],[0,1],[0,1],[0,1],[0,1],[0,1],[0,1],[0,1],[0,1],[0,1],[0,1],[0,1],[0,1],[0,1],[0,1],[0,1],[0,1],[0,1],[0,1],[0,1],[0,1],[0,1],[0,1],[0,1],[0,1],[0,1],[0,1],[0,1],[0,1],[0,1],[0,1],[0,1],[0,1],[0,1],[0,1],[0,1],[0,1],[0,1],[0,1],[0,1],[0,1],[0,1],[0,1],[0,1],[0,1],[0,1],[0,1],[0,1],[0,1],[0,1],[0,1],[0,1],[0,1],[0,1],[0,1],[0,1],[0,1],[0,1],[0,1],[0,1],[0,1],[0,1],[0,1],[0,1],[0,1],[0,1],[0,1],[0,1],[0,1],[0,1],[0,1],[0,1],[0,1],[0,1],[0,1],[0,1],[0,1],[0,1],[0,1],[0,1],[0,1],[0,1],[0,1],[0,1],[0,1],[0,1],[0,1],[0,1],[0,1],[0,1],[0,1],[0,1],[0,1],[0,1],[0,1],[0,1],[0,1],[0,1],[0,1],[0,1],[0,1],[0,1],[0,1],[0,1],[0,1],[0,1],[0,1],[0,1],[0,1],[0,1],[0,1],[0,1],[0,1],[0,1],[0,1],[0,1],[0,1],[0,1],[0,1],[0,1],[0,1],[0,1],[0,1],[0,1],[0,1],[0,1],[0,1],[0,1],[0,1],[0,1],[0,1],[0,1],[0,1],[0,1],[0,1],[0,1],[0,1],[0,1],[0,1],[0,1],[0,1],[0,1],[0,1],[0,1],[0,1],[0,1],[0,1],[0,1],[0,1],[0,1],[0,1],[0,1],[0,1],[0,1],[0,1],[0,1],[0,1],[0,1],[0,1],[0,1],[0,1],[0,1],[0,1],[0,1],[0,1],[0,1],[0,1],[0,1],[0,1],[0,1],[0,1],[0,1],[0,1],[0,1],[0,1],[0,1],[0,1],[0,1],[0,1],[0,1],[0,1],[0,1],[0,1],[0,1],[0,1],[0,1],[0,1],[0,1],[0,1],[0,1],[0,1],[0,1],[0,1],[0,1],[0,1],[0,1],[0,1],[0,1],[0,1],[0,1],[0,1],[0,1],[0,1],[0,1],[0,1],[0,1],[0,1],[0,1],[0,1],[0,1],[0,1],[0,1],[0,1],[0,1],[0,1],[0,1],[0,1],[0,1],[0,1],[0,1],[0,1],[0,1],[0,1],[0,1],[0,1],[0,1],[0,1],[0,1],[0,1],[0,1],[0,1],[0,1],[0,1],[0,1],[0,1],[0,1],[0,1],[0,1],[0,1],[0,1],[0,1],[0,1],[0,1],[0,1],[0,1],[0,1],[0,1],[0,1],[0,1],[0,1],[0,1],[0,1],[0,1],[0,1],[0,1],[0,1],[0,1],[0,1],[0,1],[0,1],[0,1],[0,1],[0,1],[0,1],[0,1],[0,1],[0,1],[0,1],[0,1],[0,1],[0,1],[0,1],[0,1],[0,1],[0,1],[0,1],[0,1],[0,1],[0,1],[0,1],[0,1],[0,1],[0,1],[0,1],[0,1],[0,1],[0,1],[0,1],[0,1],[0,1],[0,1],[0,1],[0,1],[0,1],[0,1],[0,1],[0,1],[0,1],[0,1],[0,1],[0,1],[0,1],[0,1],[0,1],[0,1],[0,1],[0,1],[0,1],[0,1],[0,1],[0,1],[0,1],[0,1],[0,1],[0,1],[0,1],[0,1],[0,1],[0,1],[0,1],[0,1],[0,1],[0,1],[0,1],[0,1],[0,1],[0,1],[0,1],[0,1],[0,1],[0,1],[0,1],[0,1],[0,1],[0,1],[0,1],[0,1],[0,1],[0,1],[0,1],[0,1],[0,1],[0,1],[0,1],[0,1],[0,1],[0,1],[0,1],[0,1],[0,1],[0,1],[0,1],[0,1],[0,1],[0,1],[0,1],[0,1],[0,1],[0,1],[0,1],[0,1],[0,1],[0,1],[0,1],[0,1],[0,1],[0,1],[0,1],[0,1],[0,1],[0,1],[0,1],[0,1],[0,1],[0,1],[0,1],[0,1],[0,1],[0,1],[0,1],[0,1],[0,1],[0,1],[0,1],[0,1],[0,1],[0,1],[0,1],[0,1],[0,1],[0,1],[0,1],[0,1],[0,1],[0,1],[0,1],[0,1],[0,1],[0,1],[0,1],[0,1],[0,1],[0,1],[0,1],[0,1],[0,1],[0,1],[0,1],[0,1],[0,1],[0,1],[0,1],[0,1],[0,1],[0,1],[0,1],[0,1],[0,1],[0,1],[0,1],[0,1],[0,1],[0,1],[0,1],[0,1],[0,1],[0,1],[0,1],[0,1],[0,1],[0,1],[0,1],[0,1],[0,1],[0,1],[0,1],[0,1],[0,1],[0,1],[0,1],[0,1],[0,1],[0,1],[0,1],[0,1],[0,1],[0,1],[0,1],[0,1],[0,1],[0,1],[0,1],[0,1],[0,1],[0,1],[0,1],[0,1],[0,1],[0,1],[0,1],[0,1],[0,1],[0,1],[0,1],[0,1],[0,1],[0,1],[0,1],[0,1],[0,1],[0,1],[0,1],[0,1],[0,1],[0,1],[0,1],[0,1],[0,1],[0,1],[0,1],[0,1],[0,1],[0,1],[0,1],[0,1],[0,1],[0,1],[0,1],[0,1],[0,1],[0,1],[0,1],[0,1],[0,1],[0,1],[0,1],[0,1],[0,1],[0,1],[0,1],[0,1],[0,1],[0,1],[0,1],[0,1],[0,1],[0,1],[0,1],[0,1],[0,1],[0,1],[0,1],[0,1],[0,1],[0,1],[0,1],[0,1],[0,1],[0,1],[0,1],[0,1],[0,1],[0,1],[0,1],[0,1],[0,1],[0,1],[0,1],[0,1],[0,1],[0,1],[0,1],[0,1],[0,1],[0,1],[0,1],[0,1],[0,1],[0,1],[0,1],[0,1],[0,1],[0,1],[0,1],[0,1],[0,1],[0,1],[0,1],[0,1],[0,1],[0,1],[0,1],[0,1],[0,1],[0,1],[0,1],[0,1],[0,1],[0,1],[0,1],[0,1],[0,1],[0,1],[0,1],[0,1],[0,1],[0,1],[0,1],[0,1],[0,1],[0,1],[0,1],[0,1],[0,1],[0,1],[0,1],[0,1],[0,1],[0,1],[0,1],[0,1],[0,1],[0,1],[0,1],[0,1],[0,1],[0,1],[0,1],[0,1],[0,1],[0,1],[0,1],[0,1],[0,1],[0,1],[0,1],[0,1],[0,1],[0,1],[0,1],[0,1],[0,1],[0,1],[0,1],[0,1],[0,1],[0,1],[0,1],[0,1],[0,1],[0,1],[0,1],[0,1],[0,1],[0,1],[0,1],[0,1],[0,1],[0,1],[0,1],[0,1],[0,1],[0,1],[0,1],[0,1],[0,1],[0,1],[0,1],[0,1],[0,1],[0,1],[0,1],[0,1],[0,1],[0,1],[0,1],[0,1],[0,1],[0,1],[0,1],[0,1],[0,1],[0,1],[0,1],[0,1],[0,1],[0,1],[0,1],[0,1],[0,1],[0,1],[0,1],[0,1],[0,1],[0,1],[0,1],[0,1],[0,1],[0,1],[0,1],[0,1],[0,1],[0,1],[0,1],[0,1],[0,1],[0,1],[0,1],[0,1],[0,1],[0,1],[0,1],[0,1],[0,1],[0,1],[0,1],[0,1],[0,1],[0,1],[0,1],[0,1],[0,1],[0,1],[0,1],[0,1],[0,1],[0,1],[0,1],[0,1],[0,1],[0,1],[0,1],[0,1],[0,1],[0,1],[0,1],[0,1],[0,1],[0,1],[0,1],[0,1],[0,1],[0,1],[0,1],[0,1],[0,1],[0,1],[0,1],[0,1],[0,1],[0,1],[0,1],[0,1],[0,1],[0,1],[0,1],[0,1],[0,1],[0,1],[0,1],[0,1],[0,1],[0,1],[0,1],[0,1],[0,1],[0,1],[0,1],[0,1],[0,1],[0,1],[0,1],[0,1],[0,1],[0,1],[0,1],[0,1],[0,1],[0,1],[0,1],[0,1],[0,1],[0,1],[0,1],[0,1],[0,1],[0,1],[0,1],[0,1],[0,1],[0,1],[0,1],[0,1],[0,1],[0,1],[0,1],[0,1],[0,1],[0,1],[0,1],[0,1],[0,1],[0,1],[0,1],[0,1],[0,1],[0,1],[0,1],[0,1],[0,1],[0,1],[0,1],[0,1],[0,1],[0,1],[0,1],[0,1],[0,1],[0,1],[0,1],[0,1],[0,1],[0,1],[0,1],[0,1],[0,1],[0,1],[0,1],[0,1],[0,1],[0,1],[0,1],[0,1],[0,1],[0,1],[0,1],[0,1],[0,1],[0,1],[0,1],[0,1],[0,1],[0,1],[0,1],[0,1],[0,1],[0,1],[0,1],[0,1],[0,1],[0,1],[0,1],[0,1],[0,1],[0,1],[0,1],[0,1],[0,1],[0,1],[0,1],[0,1],[0,1],[0,1],[0,1],[0,1],[0,1],[0,1],[0,1],[0,1],[0,1],[0,1],[0,1],[0,1],[0,1],[0,1],[0,1],[0,1],[0,1],[0,1],[0,1],[0,1],[0,1],[0,1],[0,1],[0,1],[0,1],[0,1],[0,1],[0,1],[0,1],[0,1],[0,1],[0,1],[0,1],[0,1],[0,1],[0,1],[0,1],[0,1],[0,1],[0,1],[0,1],[0,1],[0,1],[0,1],[0,1],[0,1],[0,1],[0,1],[0,1],[0,1],[0,1],[0,1],[0,1],[0,1],[0,1],[0,1],[0,1],[0,1],[0,1],[0,1],[0,1],[0,1],[0,1],[0,1],[0,1],[0,1],[0,1],[0,1],[0,1],[0,1],[0,1],[0,1],[0,1],[0,1],[0,1],[0,1],[0,1],[0,1],[0,1],[0,1],[0,1],[0,1],[0,1],[0,1],[0,1],[0,1],[0,1],[0,1],[0,1],[0,1],[0,1],[0,1],[0,1],[0,1],[0,1],[0,1],[0,1],[0,1],[0,1],[0,1],[0,1],[0,1],[0,1],[0,1],[0,1],[0,1],[0,1],[0,1],[0,1],[0,1],[0,1],[0,1],[0,1],[0,1],[0,1],[0,1],[0,1],[0,1],[0,1],[0,1],[0,1],[0,1],[0,1],[0,1],[0,1],[0,1],[0,1],[0,1],[0,1],[0,1],[0,1],[0,1],[0,1],[0,1],[0,1],[0,1],[0,1],[0,1],[0,1],[0,1],[0,1],[0,1],[0,1],[0,1],[0,1],[0,1],[0,1],[0,1],[0,1],[0,1],[0,1],[0,1],[0,1],[0,1],[0,1],[0,1],[0,1],[0,1],[0,1],[0,1],[0,1],[0,1],[0,1],[0,1],[0,1],[0,1],[0,1],[0,1],[0,1],[0,1],[0,1],[0,1],[0,1],[0,1],[0,1],[0,1],[0,1],[0,1],[0,1],[0,1],[0,1],[0,1],[0,1],[0,1],[0,1],[0,1],[0,1],[0,1],[0,1],[0,1],[0,1],[0,1],[0,1],[0,1],[0,1],[0,1],[0,1],[0,1],[0,1],[0,1],[0,1],[0,1],[0,1],[0,1],[0,1],[0,1],[0,1],[0,1],[0,1],[0,1],[0,1],[0,1],[0,1],[0,1],[0,1],[0,1],[0,1],[0,1],[0,1],[0,1],[0,1],[0,1],[0,1],[0,1],[0,1],[0,1],[0,1],[0,1],[0,1],[0,1],[0,1],[0,1],[0,1],[0,1],[0,1],[0,1],[0,1],[0,1],[0,1],[0,1],[0,1],[0,1],[0,1],[0,1],[0,1],[0,1],[0,1],[0,1],[0,1],[0,1],[0,1],[0,1],[0,1],[0,1],[0,1],[0,1],[0,1],[0,1],[0,1],[0,1],[0,1],[0,1],[0,1],[0,1],[0,1],[0,1],[0,1],[0,1],[0,1],[0,1],[0,1],[0,1],[0,1],[0,1],[0,1],[0,1],[0,1],[0,1],[0,1],[0,1],[0,1],[0,1],[0,1],[0,1],[0,1],[0,1],[0,1],[0,1],[0,1],[0,1],[0,1],[0,1],[0,1],[0,1],[0,1],[0,1],[0,1],[0,1],[0,1],[0,1],[0,1],[0,1],[0,1],[0,1],[0,1],[0,1],[0,1],[0,1],[0,1],[0,1],[0,1],[0,1],[0,1],[0,1],[0,1],[0,1],[0,1],[0,1],[0,1],[0,1],[0,1],[0,1],[0,1],[0,1],[0,1],[0,1],[0,1],[0,1],[0,1],[0,1],[0,1],[0,1],[0,1],[0,1],[0,1],[0,1],[0,1],[0,1],[0,1],[0,1],[0,1],[0,1],[0,1],[0,1],[0,1],[0,1],[0,1],[0,1],[0,1],[0,1],[0,1],[0,1],[0,1],[0,1],[0,1],[0,1],[0,1],[0,1],[0,1],[0,1],[0,1],[0,1],[0,1],[0,1],[0,1],[0,1],[0,1],[0,1],[0,1],[0,1],[0,1],[0,1],[0,1],[0,1],[0,1],[0,1],[0,1],[0,1],[0,1],[0,1],[0,1],[0,1],[0,1],[0,1],[0,1],[0,1],[0,1],[0,1],[0,1],[0,1],[0,1],[0,1],[0,1],[0,1],[0,1],[0,1],[0,1],[0,1],[0,1],[0,1],[0,1],[0,1],[0,1],[0,1],[0,1],[0,1],[0,1],[0,1],[0,1],[0,1],[0,1],[0,1],[0,1],[0,1],[0,1],[0,1],[0,1],[0,1],[0,1],[0,1],[0,1],[0,1],[0,1],[0,1],[0,1],[0,1],[0,1],[0,1],[0,1],[0,1],[0,1],[0,1],[0,1],[0,1],[0,1],[0,1],[0,1],[0,1],[0,1],[0,1],[0,1],[0,1],[0,1],[0,1],[0,1],[0,1],[0,1],[0,1],[0,1],[0,1],[0,1],[0,1],[0,1],[0,1],[0,1],[0,1],[0,1],[0,1],[0,1],[0,1],[0,1],[0,1],[0,1],[0,1],[0,1],[0,1],[0,1],[0,1],[0,1],[0,1],[0,1],[0,1],[0,1],[0,1],[0,1],[0,1],[0,1],[0,1],[0,1],[0,1],[0,1],[0,1],[0,1],[0,1],[0,1],[0,1],[0,1],[0,1],[0,1],[0,1],[0,1],[0,1],[0,1],[0,1],[0,1],[0,1],[0,1],[0,1],[0,1],[0,1],[0,1],[0,1],[0,1],[0,1],[0,1],[0,1],[0,1],[0,1],[0,1],[0,1],[0,1],[0,1],[0,1],[0,1],[0,1],[0,1],[0,1],[0,1],[0,1],[0,1],[0,1],[0,1],[0,1],[0,1],[0,1],[0,1],[0,1],[0,1],[0,1],[0,1],[0,1],[0,1],[0,1],[0,1],[0,1],[0,1],[0,1],[0,1],[0,1],[0,1],[0,1],[0,1],[0,1],[0,1],[0,1],[0,1],[0,1],[0,1],[0,1],[0,1],[0,1],[0,1],[0,1],[0,1],[0,1],[0,1],[0,1],[0,1],[0,1],[0,1],[0,1],[0,1],[0,1],[0,1],[0,1],[0,1],[0,1],[0,1],[0,1],[0,1],[0,1],[0,1],[0,1],[0,1],[0,1],[0,1],[0,1],[0,1],[0,1],[0,1],[0,1],[0,1],[0,1],[0,1],[0,1],[0,1],[0,1],[0,1],[0,1],[0,1],[0,1],[0,1],[0,1],[0,1],[0,1],[0,1],[0,1],[0,1],[0,1],[0,1],[0,1],[0,1],[0,1],[0,1],[0,1],[0,1],[0,1],[0,1],[0,1],[0,1],[0,1],[0,1],[0,1],[0,1],[0,1],[0,1],[0,1],[0,1],[0,1],[0,1],[0,1],[0,1],[0,1],[0,1],[0,1],[0,1],[0,1],[0,1],[0,1],[0,1],[0,1],[0,1],[0,1],[0,1],[0,1],[0,1],[0,1],[0,1],[0,1],[0,1],[0,1],[0,1],[0,1],[0,1],[0,1],[0,1],[0,1],[0,1],[0,1],[0,1],[0,1],[0,1],[0,1],[0,1],[0,1],[0,1],[0,1],[0,1],[0,1],[0,1],[0,1],[0,1],[0,1],[0,1],[0,1],[0,1],[0,1],[0,1],[0,1],[0,1],[0,1],[0,1],[0,1],[0,1],[0,1],[0,1],[0,1],[0,1],[0,1],[0,1],[0,1],[0,1],[0,1],[0,1],[0,1],[0,1],[0,1],[0,1],[0,1],[0,1],[0,1],[0,1],[0,1],[0,1],[0,1],[0,1],[0,1],[0,1],[0,1],[0,1],[0,1],[0,1],[0,1],[0,1],[0,1],[0,1],[0,1],[0,1],[0,1],[0,1],[0,1],[0,1],[0,1],[0,1],[0,1],[0,1],[0,1],[0,1],[0,1],[0,1],[0,1],[0,1],[0,1],[0,1],[0,1],[0,1],[0,1],[0,1],[0,1],[0,1],[0,1],[0,1],[0,1],[0,1],[0,1],[0,1],[0,1],[0,1],[0,1],[0,1],[0,1],[0,1],[0,1],[0,1],[0,1],[0,1],[0,1],[0,1],[0,1],[0,1],[0,1],[0,1],[0,1],[0,1],[0,1],[0,1],[0,1],[0,1],[0,1],[0,1],[0,1],[0,1],[0,1],[0,1],[0,1],[0,1],[0,1],[0,1],[0,1],[0,1],[0,1],[0,1],[0,1],[0,1],[0,1],[0,1],[0,1],[0,1],[0,1],[0,1],[0,1],[0,1],[0,1],[0,1],[0,1],[0,1],[0,1],[0,1],[0,1],[0,1],[0,1],[0,1],[0,1],[0,1],[0,1],[0,1],[0,1],[0,1],[0,1],[0,1],[0,1],[0,1],[0,1],[0,1],[0,1],[0,1],[0,1],[0,1],[0,1],[0,1],[0,1],[0,1],[0,1],[0,1],[0,1],[0,1],[0,1],[0,1],[0,1],[0,1],[0,1],[0,1],[0,1],[0,1],[0,1],[0,1],[0,1],[0,1],[0,1],[0,1],[0,1],[0,1],[0,1],[0,1],[0,1],[0,1],[0,1],[0,1],[0,1],[0,1],[0,1],[0,1],[0,1],[0,1],[0,1],[0,1],[0,1],[0,1],[0,1],[0,1],[0,1],[0,1],[0,1],[0,1],[0,1],[0,1],[0,1],[0,1],[0,1],[0,1],[0,1],[0,1],[0,1],[0,1],[0,1],[0,1],[0,1],[0,1],[0,1],[0,1],[0,1],[0,1],[0,1],[0,1],[0,1],[0,1],[0,1],[0,1],[0,1],[0,1],[0,1],[0,1],[0,1],[0,1],[0,1],[0,1],[0,1],[0,1],[0,1],[0,1],[0,1],[0,1],[0,1],[0,1],[0,1],[0,1],[0,1],[0,1],[0,1],[0,1],[0,1],[0,1],[0,1]]
# expected_output:[[0,1],[0,1],[0,1],[0,1],[0,1],[0,1],[0,1],[0,1],[0,1],[0,1],[0,1],[0,1],[0,1],[0,1],[0,1],[0,1],[0,1],[0,1],[0,1],[0,1],[0,1],[0,1],[0,1],[0,1],[0,1],[0,1],[0,1],[0,1],[0,1],[0,1],[0,1],[0,1],[0,1],[0,1],[0,1],[0,1],[0,1],[0,1],[0,1],[0,1],[0,1],[0,1],[0,1],[0,1],[0,1],[0,1],[0,1],[0,1],[0,1],[0,1],[0,1],[0,1],[0,1],[0,1],[0,1],[0,1],[0,1],[0,1],[0,1],[0,1],[0,1],[0,1],[0,1],[0,1],[0,1],[0,1],[0,1],[0,1],[0,1],[0,1],[0,1],[0,1],[0,1],[0,1],[0,1],[0,1],[0,1],[0,1],[0,1],[0,1],[0,1],[0,1],[0,1],[0,1],[0,1],[0,1],[0,1],[0,1],[0,1],[0,1],[0,1],[0,1],[0,1],[0,1],[0,1],[0,1],[0,1],[0,1],[0,1],[0,1],[0,1],[0,1],[0,1],[0,1],[0,1],[0,1],[0,1],[0,1],[0,1],[0,1],[0,1],[0,1],[0,1],[0,1],[0,1],[0,1],[0,1],[0,1],[0,1],[0,1],[0,1],[0,1],[0,1],[0,1],[0,1],[0,1],[0,1],[0,1],[0,1],[0,1],[0,1],[0,1],[0,1],[0,1],[0,1],[0,1],[0,1],[0,1],[0,1],[0,1],[0,1],[0,1],[0,1],[0,1],[0,1],[0,1],[0,1],[0,1],[0,1],[0,1],[0,1],[0,1],[0,1],[0,1],[0,1],[0,1],[0,1],[0,1],[0,1],[0,1],[0,1],[0,1],[0,1],[0,1],[0,1],[0,1],[0,1],[0,1],[0,1],[0,1],[0,1],[0,1],[0,1],[0,1],[0,1],[0,1],[0,1],[0,1],[0,1],[0,1],[0,1],[0,1],[0,1],[0,1],[0,1],[0,1],[0,1],[0,1],[0,1],[0,1],[0,1],[0,1],[0,1],[0,1],[0,1],[0,1],[0,1],[0,1],[0,1],[0,1],[0,1],[0,1],[0,1],[0,1],[0,1],[0,1],[0,1],[0,1],[0,1],[0,1],[0,1],[0,1],[0,1],[0,1],[0,1],[0,1],[0,1],[0,1],[0,1],[0,1],[0,1],[0,1],[0,1],[0,1],[0,1],[0,1],[0,1],[0,1],[0,1],[0,1],[0,1],[0,1],[0,1],[0,1],[0,1],[0,1],[0,1],[0,1],[0,1],[0,1],[0,1],[0,1],[0,1],[0,1],[0,1],[0,1],[0,1],[0,1],[0,1],[0,1],[0,1],[0,1],[0,1],[0,1],[0,1],[0,1],[0,1],[0,1],[0,1],[0,1],[0,1],[0,1],[0,1],[0,1],[0,1],[0,1],[0,1],[0,1],[0,1],[0,1],[0,1],[0,1],[0,1],[0,1],[0,1],[0,1],[0,1],[0,1],[0,1],[0,1],[0,1],[0,1],[0,1],[0,1],[0,1],[0,1],[0,1],[0,1],[0,1],[0,1],[0,1],[0,1],[0,1],[0,1],[0,1],[0,1],[0,1],[0,1],[0,1],[0,1],[0,1],[0,1],[0,1],[0,1],[0,1],[0,1],[0,1],[0,1],[0,1],[0,1],[0,1],[0,1],[0,1],[0,1],[0,1],[0,1],[0,1],[0,1],[0,1],[0,1],[0,1],[0,1],[0,1],[0,1],[0,1],[0,1],[0,1],[0,1],[0,1],[0,1],[0,1],[0,1],[0,1],[0,1],[0,1],[0,1],[0,1],[0,1],[0,1],[0,1],[0,1],[0,1],[0,1],[0,1],[0,1],[0,1],[0,1],[0,1],[0,1],[0,1],[0,1],[0,1],[0,1],[0,1],[0,1],[0,1],[0,1],[0,1],[0,1],[0,1],[0,1],[0,1],[0,1],[0,1],[0,1],[0,1],[0,1],[0,1],[0,1],[0,1],[0,1],[0,1],[0,1],[0,1],[0,1],[0,1],[0,1],[0,1],[0,1],[0,1],[0,1],[0,1],[0,1],[0,1],[0,1],[0,1],[0,1],[0,1],[0,1],[0,1],[0,1],[0,1],[0,1],[0,1],[0,1],[0,1],[0,1],[0,1],[0,1],[0,1],[0,1],[0,1],[0,1],[0,1],[0,1],[0,1],[0,1],[0,1],[0,1],[0,1],[0,1],[0,1],[0,1],[0,1],[0,1],[0,1],[0,1],[0,1],[0,1],[0,1],[0,1],[0,1],[0,1],[0,1],[0,1],[0,1],[0,1],[0,1],[0,1],[0,1],[0,1],[0,1],[0,1],[0,1],[0,1],[0,1],[0,1],[0,1],[0,1],[0,1],[0,1],[0,1],[0,1],[0,1],[0,1],[0,1],[0,1],[0,1],[0,1],[0,1],[0,1],[0,1],[0,1],[0,1],[0,1],[0,1],[0,1],[0,1],[0,1],[0,1],[0,1],[0,1],[0,1],[0,1],[0,1],[0,1],[0,1],[0,1],[0,1],[0,1],[0,1],[0,1],[0,1],[0,1],[0,1],[0,1],[0,1],[0,1],[0,1],[0,1],[0,1],[0,1],[0,1],[0,1],[0,1],[0,1],[0,1],[0,1],[0,1],[0,1],[0,1],[0,1],[0,1],[0,1],[0,1],[0,1],[0,1],[0,1],[0,1],[0,1],[0,1],[0,1],[0,1],[0,1],[0,1],[0,1],[0,1],[0,1],[0,1],[0,1],[0,1],[0,1],[0,1],[0,1],[0,1],[0,1],[0,1],[0,1],[0,1],[0,1],[0,1],[0,1],[0,1],[0,1],[0,1],[0,1],[0,1],[0,1],[0,1],[0,1],[0,1],[0,1],[0,1],[0,1],[0,1],[0,1],[0,1],[0,1],[0,1],[0,1],[0,1],[0,1],[0,1],[0,1],[0,1],[0,1],[0,1],[0,1],[0,1],[0,1],[0,1],[0,1],[0,1],[0,1],[0,1],[0,1],[0,1],[0,1],[0,1],[0,1],[0,1],[0,1],[0,1],[0,1],[0,1],[0,1],[0,1],[0,1],[0,1],[0,1],[0,1],[0,1],[0,1],[0,1],[0,1],[0,1],[0,1],[0,1],[0,1],[0,1],[0,1],[0,1],[0,1],[0,1],[0,1],[0,1],[0,1],[0,1],[0,1],[0,1],[0,1],[0,1],[0,1],[0,1],[0,1],[0,1],[0,1],[0,1],[0,1],[0,1],[0,1],[0,1],[0,1],[0,1],[0,1],[0,1],[0,1],[0,1],[0,1],[0,1],[0,1],[0,1],[0,1],[0,1],[0,1],[0,1],[0,1],[0,1],[0,1],[0,1],[0,1],[0,1],[0,1],[0,1],[0,1],[0,1],[0,1],[0,1],[0,1],[0,1],[0,1],[0,1],[0,1],[0,1],[0,1],[0,1],[0,1],[0,1],[0,1],[0,1],[0,1],[0,1],[0,1],[0,1],[0,1],[0,1],[0,1],[0,1],[0,1],[0,1],[0,1],[0,1],[0,1],[0,1],[0,1],[0,1],[0,1],[0,1],[0,1],[0,1],[0,1],[0,1],[0,1],[0,1],[0,1],[0,1],[0,1],[0,1],[0,1],[0,1],[0,1],[0,1],[0,1],[0,1],[0,1],[0,1],[0,1],[0,1],[0,1],[0,1],[0,1],[0,1],[0,1],[0,1],[0,1],[0,1],[0,1],[0,1],[0,1],[0,1],[0,1],[0,1],[0,1],[0,1],[0,1],[0,1],[0,1],[0,1],[0,1],[0,1],[0,1],[0,1],[0,1],[0,1],[0,1],[0,1],[0,1],[0,1],[0,1],[0,1],[0,1],[0,1],[0,1],[0,1],[0,1],[0,1],[0,1],[0,1],[0,1],[0,1],[0,1],[0,1],[0,1],[0,1],[0,1],[0,1],[0,1],[0,1],[0,1],[0,1],[0,1],[0,1],[0,1],[0,1],[0,1],[0,1],[0,1],[0,1],[0,1],[0,1],[0,1],[0,1],[0,1],[0,1],[0,1],[0,1],[0,1],[0,1],[0,1],[0,1],[0,1],[0,1],[0,1],[0,1],[0,1],[0,1],[0,1],[0,1],[0,1],[0,1],[0,1],[0,1],[0,1],[0,1],[0,1],[0,1],[0,1],[0,1],[0,1],[0,1],[0,1],[0,1],[0,1],[0,1],[0,1],[0,1],[0,1],[0,1],[0,1],[0,1],[0,1],[0,1],[0,1],[0,1],[0,1],[0,1],[0,1],[0,1],[0,1],[0,1],[0,1],[0,1],[0,1],[0,1],[0,1],[0,1],[0,1],[0,1],[0,1],[0,1],[0,1],[0,1],[0,1],[0,1],[0,1],[0,1],[0,1],[0,1],[0,1],[0,1],[0,1],[0,1],[0,1],[0,1],[0,1],[0,1],[0,1],[0,1],[0,1],[0,1],[0,1],[0,1],[0,1],[0,1],[0,1],[0,1],[0,1],[0,1],[0,1],[0,1],[0,1],[0,1],[0,1],[0,1],[0,1],[0,1],[0,1],[0,1],[0,1],[0,1],[0,1],[0,1],[0,1],[0,1],[0,1],[0,1],[0,1],[0,1],[0,1],[0,1],[0,1],[0,1],[0,1],[0,1],[0,1],[0,1],[0,1],[0,1],[0,1],[0,1],[0,1],[0,1],[0,1],[0,1],[0,1],[0,1],[0,1],[0,1],[0,1],[0,1],[0,1],[0,1],[0,1],[0,1],[0,1],[0,1],[0,1],[0,1],[0,1],[0,1],[0,1],[0,1],[0,1],[0,1],[0,1],[0,1],[0,1],[0,1],[0,1],[0,1],[0,1],[0,1],[0,1],[0,1],[0,1],[0,1],[0,1],[0,1],[0,1],[0,1],[0,1],[0,1],[0,1],[0,1],[0,1],[0,1],[0,1],[0,1],[0,1],[0,1],[0,1],[0,1],[0,1],[0,1],[0,1],[0,1],[0,1],[0,1],[0,1],[0,1],[0,1],[0,1],[0,1],[0,1],[0,1],[0,1],[0,1],[0,1],[0,1],[0,1],[0,1],[0,1],[0,1],[0,1],[0,1],[0,1],[0,1],[0,1],[0,1],[0,1],[0,1],[0,1],[0,1],[0,1],[0,1],[0,1],[0,1],[0,1],[0,1],[0,1],[0,1],[0,1],[0,1],[0,1],[0,1],[0,1],[0,1],[0,1],[0,1],[0,1],[0,1],[0,1],[0,1],[0,1],[0,1],[0,1],[0,1],[0,1],[0,1],[0,1],[0,1],[0,1],[0,1],[0,1],[0,1],[0,1],[0,1],[0,1],[0,1],[0,1],[0,1],[0,1],[0,1],[0,1],[0,1],[0,1],[0,1],[0,1],[0,1],[0,1],[0,1],[0,1],[0,1],[0,1],[0,1],[0,1],[0,1],[0,1],[0,1],[0,1],[0,1],[0,1],[0,1],[0,1],[0,1],[0,1],[0,1],[0,1],[0,1],[0,1],[0,1],[0,1],[0,1],[0,1],[0,1],[0,1],[0,1],[0,1],[0,1],[0,1],[0,1],[0,1],[0,1],[0,1],[0,1],[0,1],[0,1],[0,1],[0,1],[0,1],[0,1],[0,1],[0,1],[0,1],[0,1],[0,1],[0,1],[0,1],[0,1],[0,1],[0,1],[0,1],[0,1],[0,1],[0,1],[0,1],[0,1],[0,1],[0,1],[0,1],[0,1],[0,1],[0,1],[0,1],[0,1],[0,1],[0,1],[0,1],[0,1],[0,1],[0,1],[0,1],[0,1],[0,1],[0,1],[0,1],[0,1],[0,1],[0,1],[0,1],[0,1],[0,1],[0,1],[0,1],[0,1],[0,1],[0,1],[0,1],[0,1],[0,1],[0,1],[0,1],[0,1],[0,1],[0,1],[0,1],[0,1],[0,1],[0,1],[0,1],[0,1],[0,1],[0,1],[0,1],[0,1],[0,1],[0,1],[0,1],[0,1],[0,1],[0,1],[0,1],[0,1],[0,1],[0,1],[0,1],[0,1],[0,1],[0,1],[0,1],[0,1],[0,1],[0,1],[0,1],[0,1],[0,1],[0,1],[0,1],[0,1],[0,1],[0,1],[0,1],[0,1],[0,1],[0,1],[0,1],[0,1],[0,1],[0,1],[0,1],[0,1],[0,1],[0,1],[0,1],[0,1],[0,1],[0,1],[0,1],[0,1],[0,1],[0,1],[0,1],[0,1],[0,1],[0,1],[0,1],[0,1],[0,1],[0,1],[0,1],[0,1],[0,1],[0,1],[0,1],[0,1],[0,1],[0,1],[0,1],[0,1],[0,1],[0,1],[0,1],[0,1],[0,1],[0,1],[0,1],[0,1],[0,1],[0,1],[0,1],[0,1],[0,1],[0,1],[0,1],[0,1],[0,1],[0,1],[0,1],[0,1],[0,1],[0,1],[0,1],[0,1],[0,1],[0,1],[0,1],[0,1],[0,1],[0,1],[0,1],[0,1],[0,1],[0,1],[0,1],[0,1],[0,1],[0,1],[0,1],[0,1],[0,1],[0,1],[0,1],[0,1],[0,1],[0,1],[0,1],[0,1],[0,1],[0,1],[0,1],[0,1],[0,1],[0,1],[0,1],[0,1],[0,1],[0,1],[0,1],[0,1],[0,1],[0,1],[0,1],[0,1],[0,1],[0,1],[0,1],[0,1],[0,1],[0,1],[0,1],[0,1],[0,1],[0,1],[0,1],[0,1],[0,1],[0,1],[0,1],[0,1],[0,1],[0,1],[0,1],[0,1],[0,1],[0,1],[0,1],[0,1],[0,1],[0,1],[0,1],[0,1],[0,1],[0,1],[0,1],[0,1],[0,1],[0,1],[0,1],[0,1],[0,1],[0,1],[0,1],[0,1],[0,1],[0,1],[0,1],[0,1],[0,1],[0,1],[0,1],[0,1],[0,1],[0,1],[0,1],[0,1],[0,1],[0,1],[0,1],[0,1],[0,1],[0,1],[0,1],[0,1],[0,1],[0,1],[0,1],[0,1],[0,1],[0,1],[0,1],[0,1],[0,1],[0,1],[0,1],[0,1],[0,1],[0,1],[0,1],[0,1],[0,1],[0,1],[0,1],[0,1],[0,1],[0,1],[0,1],[0,1],[0,1],[0,1],[0,1],[0,1],[0,1],[0,1],[0,1],[0,1],[0,1],[0,1],[0,1],[0,1],[0,1],[0,1],[0,1],[0,1],[0,1],[0,1],[0,1],[0,1],[0,1],[0,1],[0,1],[0,1],[0,1],[0,1],[0,1],[0,1],[0,1],[0,1],[0,1],[0,1],[0,1],[0,1],[0,1],[0,1],[0,1],[0,1],[0,1],[0,1],[0,1],[0,1],[0,1],[0,1],[0,1],[0,1],[0,1],[0,1],[0,1],[0,1],[0,1],[0,1],[0,1],[0,1],[0,1],[0,1],[0,1],[0,1],[0,1],[0,1],[0,1],[0,1],[0,1],[0,1],[0,1],[0,1],[0,1],[0,1],[0,1],[0,1],[0,1],[0,1],[0,1],[0,1],[0,1],[0,1],[0,1],[0,1],[0,1],[0,1],[0,1],[0,1],[0,1],[0,1],[0,1],[0,1],[0,1],[0,1],[0,1],[0,1],[0,1],[0,1],[0,1],[0,1],[0,1],[0,1],[0,1],[0,1],[0,1],[0,1],[0,1],[0,1],[0,1],[0,1],[0,1],[0,1],[0,1],[0,1],[0,1],[0,1],[0,1],[0,1],[0,1],[0,1],[0,1],[0,1],[0,1],[0,1],[0,1],[0,1],[0,1],[0,1],[0,1],[0,1],[0,1],[0,1],[0,1],[0,1],[0,1],[0,1],[0,1],[0,1],[0,1],[0,1],[0,1],[0,1],[0,1],[0,1],[0,1],[0,1],[0,1],[0,1],[0,1],[0,1],[0,1],[0,1],[0,1],[0,1],[0,1],[0,1],[0,1],[0,1],[0,1],[0,1],[0,1],[0,1],[0,1],[0,1],[0,1],[0,1],[0,1],[0,1],[0,1],[0,1],[0,1],[0,1],[0,1],[0,1],[0,1],[0,1],[0,1],[0,1],[0,1],[0,1],[0,1],[0,1],[0,1],[0,1],[0,1],[0,1],[0,1],[0,1],[0,1],[0,1],[0,1],[0,1],[0,1],[0,1],[0,1],[0,1],[0,1],[0,1],[0,1],[0,1],[0,1],[0,1],[0,1],[0,1],[0,1],[0,1],[0,1],[0,1],[0,1],[0,1],[0,1],[0,1],[0,1],[0,1],[0,1],[0,1],[0,1],[0,1],[0,1],[0,1],[0,1],[0,1],[0,1],[0,1],[0,1],[0,1],[0,1],[0,1],[0,1],[0,1],[0,1],[0,1],[0,1],[0,1],[0,1],[0,1],[0,1],[0,1],[0,1],[0,1],[0,1],[0,1],[0,1],[0,1],[0,1],[0,1],[0,1],[0,1],[0,1],[0,1],[0,1],[0,1],[0,1],[0,1],[0,1],[0,1],[0,1],[0,1],[0,1],[0,1],[0,1],[0,1],[0,1],[0,1],[0,1],[0,1],[0,1],[0,1],[0,1],[0,1],[0,1],[0,1],[0,1],[0,1],[0,1],[0,1],[0,1],[0,1],[0,1],[0,1],[0,1],[0,1],[0,1],[0,1],[0,1],[0,1],[0,1],[0,1],[0,1],[0,1],[0,1],[0,1],[0,1],[0,1],[0,1],[0,1],[0,1],[0,1],[0,1],[0,1],[0,1],[0,1],[0,1],[0,1],[0,1],[0,1],[0,1],[0,1],[0,1],[0,1],[0,1],[0,1],[0,1],[0,1],[0,1],[0,1],[0,1],[0,1],[0,1],[0,1],[0,1],[0,1],[0,1],[0,1],[0,1],[0,1],[0,1],[0,1],[0,1],[0,1],[0,1],[0,1],[0,1],[0,1],[0,1],[0,1],[0,1],[0,1],[0,1],[0,1],[0,1],[0,1],[0,1],[0,1],[0,1],[0,1],[0,1],[0,1],[0,1],[0,1],[0,1],[0,1],[0,1],[0,1],[0,1],[0,1],[0,1],[0,1],[0,1],[0,1],[0,1],[0,1],[0,1],[0,1],[0,1],[0,1],[0,1],[0,1],[0,1],[0,1],[0,1],[0,1],[0,1],[0,1],[0,1],[0,1],[0,1],[0,1],[0,1],[0,1],[0,1],[0,1],[0,1],[0,1],[0,1],[0,1],[0,1],[0,1],[0,1],[0,1],[0,1],[0,1],[0,1],[0,1],[0,1],[0,1],[0,1],[0,1],[0,1],[0,1],[0,1],[0,1],[0,1],[0,1],[0,1],[0,1],[0,1],[0,1],[0,1],[0,1],[0,1],[0,1],[0,1],[0,1],[0,1],[0,1],[0,1],[0,1],[0,1],[0,1],[0,1],[0,1],[0,1],[0,1],[0,1],[0,1],[0,1],[0,1],[0,1],[0,1],[0,1],[0,1],[0,1],[0,1],[0,1],[0,1],[0,1],[0,1],[0,1],[0,1],[0,1],[0,1],[0,1],[0,1],[0,1],[0,1],[0,1],[0,1],[0,1],[0,1],[0,1],[0,1],[0,1],[0,1],[0,1],[0,1],[0,1],[0,1],[0,1],[0,1],[0,1],[0,1],[0,1],[0,1],[0,1],[0,1],[0,1],[0,1],[0,1],[0,1],[0,1],[0,1],[0,1],[0,1],[0,1],[0,1],[0,1],[0,1],[0,1],[0,1],[0,1],[0,1],[0,1],[0,1],[0,1],[0,1],[0,1],[0,1],[0,1],[0,1],[0,1],[0,1],[0,1],[0,1],[0,1],[0,1],[0,1],[0,1],[0,1],[0,1],[0,1],[0,1],[0,1],[0,1],[0,1],[0,1],[0,1],[0,1],[0,1],[0,1],[0,1],[0,1],[0,1],[0,1],[0,1],[0,1],[0,1],[0,1],[0,1],[0,1],[0,1],[0,1],[0,1],[0,1],[0,1],[0,1],[0,1],[0,1],[0,1],[0,1],[0,1],[0,1],[0,1],[0,1],[0,1],[0,1],[0,1],[0,1],[0,1],[0,1],[0,1],[0,1],[0,1],[0,1],[0,1],[0,1],[0,1],[0,1],[0,1],[0,1],[0,1],[0,1],[0,1],[0,1],[0,1],[0,1],[0,1],[0,1],[0,1],[0,1],[0,1],[0,1],[0,1],[0,1],[0,1],[0,1],[0,1],[0,1],[0,1],[0,1],[0,1],[0,1],[0,1],[0,1],[0,1],[0,1],[0,1],[0,1],[0,1],[0,1],[0,1],[0,1],[0,1],[0,1],[0,1],[0,1],[0,1],[0,1],[0,1],[0,1],[0,1],[0,1],[0,1],[0,1],[0,1],[0,1],[0,1],[0,1],[0,1],[0,1],[0,1],[0,1],[0,1],[0,1],[0,1],[0,1],[0,1],[0,1],[0,1],[0,1],[0,1],[0,1],[0,1],[0,1],[0,1],[0,1],[0,1],[0,1],[0,1],[0,1],[0,1],[0,1],[0,1],[0,1],[0,1],[0,1],[0,1],[0,1],[0,1],[0,1],[0,1],[0,1],[0,1],[0,1],[0,1],[0,1],[0,1],[0,1],[0,1],[0,1],[0,1],[0,1],[0,1],[0,1],[0,1],[0,1],[0,1],[0,1],[0,1],[0,1],[0,1],[0,1],[0,1],[0,1],[0,1],[0,1],[0,1],[0,1],[0,1],[0,1],[0,1],[0,1],[0,1],[0,1],[0,1],[0,1],[0,1],[0,1],[0,1],[0,1],[0,1],[0,1],[0,1],[0,1],[0,1],[0,1],[0,1],[0,1],[0,1],[0,1],[0,1],[0,1],[0,1],[0,1],[0,1],[0,1],[0,1],[0,1],[0,1],[0,1],[0,1],[0,1],[0,1],[0,1],[0,1],[0,1],[0,1],[0,1],[0,1],[0,1],[0,1],[0,1],[0,1],[0,1],[0,1],[0,1],[0,1],[0,1],[0,1],[0,1],[0,1],[0,1],[0,1],[0,1],[0,1],[0,1],[0,1],[0,1],[0,1],[0,1],[0,1],[0,1],[0,1],[0,1],[0,1],[0,1],[0,1],[0,1],[0,1],[0,1],[0,1],[0,1],[0,1],[0,1],[0,1],[0,1],[0,1],[0,1],[0,1],[0,1],[0,1],[0,1],[0,1],[0,1],[0,1],[0,1],[0,1],[0,1],[0,1],[0,1],[0,1],[0,1],[0,1],[0,1],[0,1],[0,1],[0,1],[0,1],[0,1],[0,1],[0,1],[0,1],[0,1],[0,1],[0,1],[0,1],[0,1],[0,1],[0,1],[0,1],[0,1],[0,1],[0,1],[0,1],[0,1],[0,1],[0,1],[0,1],[0,1],[0,1],[0,1],[0,1],[0,1],[0,1],[0,1],[0,1],[0,1],[0,1],[0,1],[0,1],[0,1],[0,1],[0,1],[0,1],[0,1],[0,1],[0,1],[0,1],[0,1],[0,1],[0,1],[0,1],[0,1],[0,1],[0,1],[0,1],[0,1],[0,1],[0,1],[0,1],[0,1],[0,1],[0,1],[0,1],[0,1],[0,1],[0,1],[0,1],[0,1],[0,1],[0,1],[0,1],[0,1],[0,1],[0,1],[0,1],[0,1],[0,1],[0,1],[0,1],[0,1],[0,1],[0,1],[0,1],[0,1],[0,1],[0,1],[0,1],[0,1],[0,1],[0,1],[0,1],[0,1],[0,1],[0,1],[0,1],[0,1],[0,1],[0,1],[0,1],[0,1],[0,1],[0,1],[0,1],[0,1],[0,1],[0,1],[0,1],[0,1],[0,1],[0,1],[0,1],[0,1],[0,1],[0,1],[0,1],[0,1],[0,1],[0,1],[0,1],[0,1],[0,1],[0,1],[0,1],[0,1],[0,1],[0,1],[0,1],[0,1],[0,1],[0,1],[0,1],[0,1],[0,1],[0,1],[0,1],[0,1],[0,1],[0,1],[0,1],[0,1],[0,1],[0,1],[0,1],[0,1],[0,1],[0,1],[0,1],[0,1],[0,1],[0,1],[0,1],[0,1],[0,1],[0,1],[0,1],[0,1],[0,1],[0,1],[0,1],[0,1],[0,1],[0,1],[0,1],[0,1],[0,1],[0,1],[0,1],[0,1],[0,1],[0,1],[0,1],[0,1],[0,1],[0,1],[0,1],[0,1],[0,1],[0,1],[0,1],[0,1],[0,1],[0,1],[0,1],[0,1],[0,1],[0,1],[0,1],[0,1],[0,1],[0,1],[0,1],[0,1],[0,1],[0,1],[0,1],[0,1],[0,1],[0,1],[0,1],[0,1],[0,1],[0,1],[0,1],[0,1],[0,1],[0,1],[0,1],[0,1],[0,1],[0,1],[0,1],[0,1],[0,1],[0,1],[0,1],[0,1],[0,1],[0,1],[0,1],[0,1],[0,1],[0,1],[0,1],[0,1],[0,1],[0,1],[0,1],[0,1],[0,1],[0,1],[0,1],[0,1],[0,1],[0,1],[0,1],[0,1],[0,1],[0,1],[0,1],[0,1],[0,1],[0,1],[0,1],[0,1],[0,1],[0,1],[0,1],[0,1],[0,1],[0,1],[0,1],[0,1],[0,1],[0,1],[0,1],[0,1],[0,1],[0,1],[0,1],[0,1],[0,1],[0,1],[0,1],[0,1],[0,1],[0,1],[0,1],[0,1],[0,1],[0,1],[0,1],[0,1],[0,1],[0,1],[0,1],[0,1],[0,1],[0,1],[0,1],[0,1],[0,1],[0,1],[0,1],[0,1],[0,1],[0,1],[0,1],[0,1],[0,1],[0,1],[0,1],[0,1],[0,1],[0,1],[0,1],[0,1],[0,1],[0,1],[0,1],[0,1],[0,1],[0,1],[0,1],[0,1],[0,1],[0,1],[0,1],[0,1],[0,1],[0,1],[0,1],[0,1],[0,1],[0,1],[0,1],[0,1],[0,1],[0,1],[0,1],[0,1],[0,1],[0,1],[0,1],[0,1],[0,1],[0,1],[0,1],[0,1],[0,1],[0,1],[0,1],[0,1],[0,1],[0,1],[0,1],[0,1],[0,1],[0,1],[0,1],[0,1],[0,1],[0,1],[0,1],[0,1],[0,1],[0,1],[0,1],[0,1],[0,1],[0,1],[0,1],[0,1],[0,1],[0,1],[0,1],[0,1],[0,1],[0,1],[0,1],[0,1],[0,1],[0,1],[0,1],[0,1],[0,1],[0,1],[0,1],[0,1],[0,1],[0,1],[0,1],[0,1],[0,1],[0,1],[0,1],[0,1],[0,1],[0,1],[0,1],[0,1],[0,1],[0,1],[0,1],[0,1],[0,1],[0,1],[0,1],[0,1],[0,1],[0,1],[0,1],[0,1],[0,1],[0,1],[0,1],[0,1],[0,1],[0,1],[0,1],[0,1],[0,1],[0,1],[0,1],[0,1],[0,1],[0,1],[0,1],[0,1],[0,1],[0,1],[0,1],[0,1],[0,1],[0,1],[0,1],[0,1],[0,1],[0,1],[0,1],[0,1],[0,1],[0,1],[0,1],[0,1],[0,1],[0,1],[0,1],[0,1],[0,1],[0,1],[0,1],[0,1],[0,1],[0,1],[0,1],[0,1],[0,1],[0,1],[0,1],[0,1],[0,1],[0,1],[0,1],[0,1],[0,1],[0,1],[0,1],[0,1],[0,1],[0,1],[0,1],[0,1],[0,1],[0,1],[0,1],[0,1],[0,1],[0,1],[0,1],[0,1],[0,1],[0,1],[0,1],[0,1],[0,1],[0,1],[0,1],[0,1],[0,1],[0,1],[0,1],[0,1],[0,1],[0,1],[0,1],[0,1],[0,1],[0,1],[0,1],[0,1],[0,1],[0,1],[0,1],[0,1],[0,1],[0,1],[0,1],[0,1],[0,1],[0,1],[0,1],[0,1],[0,1],[0,1],[0,1],[0,1],[0,1],[0,1],[0,1],[0,1],[0,1],[0,1],[0,1],[0,1],[0,1],[0,1],[0,1],[0,1],[0,1],[0,1],[0,1],[0,1],[0,1],[0,1],[0,1],[0,1],[0,1],[0,1],[0,1],[0,1],[0,1],[0,1],[0,1],[0,1],[0,1],[0,1],[0,1],[0,1],[0,1],[0,1],[0,1],[0,1],[0,1],[0,1],[0,1],[0,1],[0,1],[0,1],[0,1],[0,1],[0,1],[0,1],[0,1],[0,1],[0,1],[0,1],[0,1],[0,1],[0,1],[0,1],[0,1],[0,1],[0,1],[0,1],[0,1],[0,1],[0,1],[0,1],[0,1],[0,1],[0,1],[0,1],[0,1],[0,1],[0,1],[0,1],[0,1],[0,1],[0,1],[0,1],[0,1],[0,1],[0,1],[0,1],[0,1],[0,1],[0,1],[0,1],[0,1],[0,1],[0,1],[0,1],[0,1],[0,1],[0,1],[0,1],[0,1],[0,1],[0,1],[0,1],[0,1],[0,1],[0,1],[0,1],[0,1],[0,1],[0,1],[0,1],[0,1],[0,1],[0,1],[0,1],[0,1],[0,1],[0,1],[0,1],[0,1],[0,1],[0,1],[0,1],[0,1],[0,1],[0,1],[0,1],[0,1],[0,1],[0,1],[0,1],[0,1],[0,1],[0,1],[0,1],[0,1],[0,1],[0,1],[0,1],[0,1],[0,1],[0,1],[0,1],[0,1],[0,1],[0,1],[0,1],[0,1],[0,1],[0,1],[0,1],[0,1],[0,1],[0,1],[0,1],[0,1],[0,1],[0,1],[0,1],[0,1],[0,1],[0,1],[0,1],[0,1],[0,1],[0,1],[0,1],[0,1],[0,1],[0,1],[0,1],[0,1],[0,1],[0,1],[0,1],[0,1],[0,1],[0,1],[0,1],[0,1],[0,1],[0,1],[0,1],[0,1],[0,1],[0,1],[0,1],[0,1],[0,1],[0,1],[0,1],[0,1],[0,1],[0,1],[0,1],[0,1],[0,1],[0,1],[0,1],[0,1],[0,1],[0,1],[0,1],[0,1],[0,1],[0,1],[0,1],[0,1],[0,1],[0,1],[0,1],[0,1],[0,1],[0,1],[0,1],[0,1],[0,1],[0,1],[0,1],[0,1],[0,1],[0,1],[0,1],[0,1],[0,1],[0,1],[0,1],[0,1],[0,1],[0,1],[0,1],[0,1],[0,1],[0,1],[0,1],[0,1],[0,1],[0,1],[0,1],[0,1],[0,1],[0,1],[0,1],[0,1],[0,1],[0,1],[0,1],[0,1],[0,1],[0,1],[0,1],[0,1],[0,1],[0,1],[0,1],[0,1],[0,1],[0,1],[0,1],[0,1],[0,1],[0,1],[0,1],[0,1],[0,1],[0,1],[0,1],[0,1],[0,1],[0,1],[0,1],[0,1],[0,1],[0,1],[0,1],[0,1],[0,1],[0,1],[0,1],[0,1],[0,1],[0,1],[0,1],[0,1],[0,1],[0,1],[0,1],[0,1],[0,1],[0,1],[0,1],[0,1],[0,1],[0,1],[0,1],[0,1],[0,1],[0,1],[0,1],[0,1],[0,1],[0,1],[0,1],[0,1],[0,1],[0,1],[0,1],[0,1],[0,1],[0,1],[0,1],[0,1],[0,1],[0,1],[0,1],[0,1],[0,1],[0,1],[0,1],[0,1],[0,1],[0,1],[0,1],[0,1],[0,1],[0,1],[0,1],[0,1],[0,1],[0,1],[0,1],[0,1],[0,1],[0,1],[0,1],[0,1],[0,1],[0,1],[0,1],[0,1],[0,1],[0,1],[0,1],[0,1],[0,1],[0,1],[0,1],[0,1],[0,1],[0,1],[0,1],[0,1],[0,1],[0,1],[0,1],[0,1],[0,1],[0,1],[0,1],[0,1],[0,1],[0,1],[0,1],[0,1],[0,1],[0,1],[0,1],[0,1],[0,1],[0,1],[0,1],[0,1],[0,1],[0,1],[0,1],[0,1],[0,1],[0,1],[0,1],[0,1],[0,1],[0,1],[0,1],[0,1],[0,1],[0,1],[0,1],[0,1],[0,1],[0,1],[0,1],[0,1],[0,1],[0,1],[0,1],[0,1],[0,1],[0,1],[0,1],[0,1],[0,1],[0,1],[0,1],[0,1],[0,1],[0,1],[0,1],[0,1],[0,1],[0,1],[0,1],[0,1],[0,1],[0,1],[0,1],[0,1],[0,1],[0,1],[0,1],[0,1],[0,1],[0,1],[0,1],[0,1],[0,1],[0,1],[0,1],[0,1],[0,1],[0,1],[0,1],[0,1],[0,1],[0,1],[0,1],[0,1],[0,1],[0,1],[0,1],[0,1],[0,1],[0,1],[0,1],[0,1],[0,1],[0,1],[0,1],[0,1],[0,1],[0,1],[0,1],[0,1],[0,1],[0,1],[0,1],[0,1],[0,1],[0,1],[0,1],[0,1],[0,1],[0,1],[0,1],[0,1],[0,1],[0,1],[0,1],[0,1],[0,1],[0,1],[0,1],[0,1],[0,1],[0,1],[0,1],[0,1],[0,1],[0,1],[0,1],[0,1],[0,1],[0,1],[0,1],[0,1],[0,1],[0,1],[0,1],[0,1],[0,1],[0,1],[0,1],[0,1],[0,1],[0,1],[0,1],[0,1],[0,1],[0,1],[0,1],[0,1],[0,1],[0,1],[0,1],[0,1],[0,1],[0,1],[0,1],[0,1],[0,1],[0,1],[0,1],[0,1],[0,1],[0,1],[0,1],[0,1],[0,1],[0,1],[0,1],[0,1],[0,1],[0,1],[0,1],[0,1],[0,1],[0,1],[0,1],[0,1],[0,1],[0,1],[0,1],[0,1],[0,1],[0,1],[0,1],[0,1],[0,1],[0,1],[0,1],[0,1],[0,1],[0,1],[0,1],[0,1],[0,1],[0,1],[0,1],[0,1],[0,1],[0,1],[0,1],[0,1],[0,1],[0,1],[0,1],[0,1],[0,1],[0,1],[0,1],[0,1],[0,1],[0,1],[0,1],[0,1],[0,1],[0,1],[0,1],[0,1],[0,1],[0,1],[0,1],[0,1],[0,1],[0,1],[0,1],[0,1],[0,1],[0,1],[0,1],[0,1],[0,1],[0,1],[0,1],[0,1],[0,1],[0,1],[0,1],[0,1],[0,1],[0,1],[0,1],[0,1],[0,1],[0,1],[0,1],[0,1],[0,1],[0,1],[0,1],[0,1],[0,1],[0,1],[0,1],[0,1],[0,1],[0,1],[0,1],[0,1],[0,1],[0,1],[0,1],[0,1],[0,1],[0,1],[0,1],[0,1],[0,1],[0,1],[0,1],[0,1],[0,1],[0,1],[0,1],[0,1],[0,1],[0,1],[0,1],[0,1],[0,1],[0,1],[0,1],[0,1],[0,1],[0,1],[0,1],[0,1],[0,1],[0,1],[0,1],[0,1],[0,1],[0,1],[0,1],[0,1],[0,1],[0,1],[0,1],[0,1],[0,1],[0,1],[0,1],[0,1],[0,1],[0,1],[0,1],[0,1],[0,1],[0,1],[0,1],[0,1],[0,1],[0,1],[0,1],[0,1],[0,1],[0,1],[0,1],[0,1],[0,1],[0,1],[0,1],[0,1],[0,1],[0,1],[0,1],[0,1],[0,1],[0,1],[0,1],[0,1],[0,1],[0,1],[0,1],[0,1],[0,1],[0,1],[0,1],[0,1],[0,1],[0,1],[0,1],[0,1],[0,1],[0,1],[0,1],[0,1],[0,1],[0,1],[0,1],[0,1],[0,1],[0,1],[0,1],[0,1],[0,1],[0,1],[0,1],[0,1],[0,1],[0,1],[0,1],[0,1],[0,1],[0,1],[0,1],[0,1],[0,1],[0,1],[0,1],[0,1],[0,1],[0,1],[0,1],[0,1],[0,1],[0,1],[0,1],[0,1],[0,1],[0,1],[0,1],[0,1],[0,1],[0,1],[0,1],[0,1],[0,1],[0,1],[0,1],[0,1],[0,1],[0,1],[0,1],[0,1],[0,1],[0,1],[0,1],[0,1],[0,1],[0,1],[0,1],[0,1],[0,1],[0,1],[0,1],[0,1],[0,1],[0,1],[0,1],[0,1],[0,1],[0,1],[0,1],[0,1],[0,1],[0,1],[0,1],[0,1],[0,1],[0,1],[0,1],[0,1],[0,1],[0,1],[0,1],[0,1],[0,1],[0,1],[0,1],[0,1],[0,1],[0,1],[0,1],[0,1],[0,1],[0,1],[0,1],[0,1],[0,1],[0,1],[0,1],[0,1],[0,1],[0,1],[0,1],[0,1],[0,1],[0,1],[0,1],[0,1],[0,1],[0,1],[0,1],[0,1],[0,1],[0,1],[0,1],[0,1],[0,1],[0,1],[0,1],[0,1],[0,1],[0,1],[0,1],[0,1],[0,1],[0,1],[0,1],[0,1],[0,1],[0,1],[0,1],[0,1],[0,1],[0,1],[0,1],[0,1],[0,1],[0,1],[0,1],[0,1],[0,1],[0,1],[0,1],[0,1],[0,1],[0,1],[0,1],[0,1],[0,1],[0,1],[0,1],[0,1],[0,1],[0,1],[0,1],[0,1],[0,1],[0,1],[0,1],[0,1],[0,1],[0,1],[0,1],[0,1],[0,1],[0,1],[0,1],[0,1],[0,1],[0,1],[0,1],[0,1],[0,1],[0,1],[0,1],[0,1],[0,1],[0,1],[0,1],[0,1],[0,1],[0,1],[0,1],[0,1],[0,1],[0,1],[0,1],[0,1],[0,1],[0,1],[0,1],[0,1],[0,1],[0,1],[0,1],[0,1],[0,1],[0,1],[0,1],[0,1],[0,1],[0,1],[0,1],[0,1],[0,1],[0,1],[0,1],[0,1],[0,1],[0,1],[0,1],[0,1],[0,1],[0,1],[0,1],[0,1],[0,1],[0,1],[0,1],[0,1],[0,1],[0,1],[0,1],[0,1],[0,1],[0,1],[0,1],[0,1],[0,1],[0,1],[0,1],[0,1],[0,1],[0,1],[0,1],[0,1],[0,1],[0,1],[0,1],[0,1],[0,1],[0,1],[0,1],[0,1],[0,1],[0,1],[0,1],[0,1],[0,1],[0,1],[0,1],[0,1],[0,1],[0,1],[0,1],[0,1],[0,1],[0,1],[0,1],[0,1],[0,1],[0,1],[0,1],[0,1],[0,1],[0,1],[0,1],[0,1],[0,1],[0,1],[0,1],[0,1],[0,1],[0,1],[0,1],[0,1],[0,1],[0,1],[0,1],[0,1],[0,1],[0,1],[0,1],[0,1],[0,1],[0,1],[0,1],[0,1],[0,1],[0,1],[0,1],[0,1],[0,1],[0,1],[0,1],[0,1],[0,1],[0,1],[0,1],[0,1],[0,1],[0,1],[0,1],[0,1],[0,1],[0,1],[0,1],[0,1],[0,1],[0,1],[0,1],[0,1],[0,1],[0,1],[0,1],[0,1],[0,1],[0,1],[0,1],[0,1],[0,1],[0,1],[0,1],[0,1],[0,1],[0,1],[0,1],[0,1],[0,1],[0,1],[0,1],[0,1],[0,1],[0,1],[0,1],[0,1],[0,1],[0,1],[0,1],[0,1],[0,1],[0,1],[0,1],[0,1],[0,1],[0,1],[0,1],[0,1],[0,1],[0,1],[0,1],[0,1],[0,1],[0,1],[0,1],[0,1],[0,1],[0,1],[0,1],[0,1],[0,1],[0,1],[0,1],[0,1],[0,1],[0,1],[0,1],[0,1],[0,1],[0,1],[0,1],[0,1],[0,1],[0,1],[0,1],[0,1],[0,1],[0,1],[0,1],[0,1],[0,1],[0,1],[0,1],[0,1],[0,1],[0,1],[0,1],[0,1],[0,1],[0,1],[0,1],[0,1],[0,1],[0,1],[0,1],[0,1],[0,1],[0,1],[0,1],[0,1],[0,1],[0,1],[0,1],[0,1],[0,1],[0,1],[0,1],[0,1],[0,1],[0,1],[0,1],[0,1],[0,1],[0,1],[0,1],[0,1],[0,1],[0,1],[0,1],[0,1],[0,1],[0,1],[0,1],[0,1],[0,1],[0,1],[0,1],[0,1],[0,1],[0,1],[0,1],[0,1],[0,1],[0,1],[0,1],[0,1],[0,1],[0,1],[0,1],[0,1],[0,1],[0,1],[0,1],[0,1],[0,1],[0,1],[0,1],[0,1],[0,1],[0,1],[0,1],[0,1],[0,1],[0,1],[0,1],[0,1],[0,1],[0,1],[0,1],[0,1],[0,1],[0,1],[0,1],[0,1],[0,1],[0,1],[0,1],[0,1],[0,1],[0,1],[0,1],[0,1],[0,1],[0,1],[0,1],[0,1],[0,1],[0,1],[0,1],[0,1],[0,1],[0,1],[0,1],[0,1],[0,1],[0,1],[0,1],[0,1],[0,1],[0,1],[0,1],[0,1],[0,1],[0,1],[0,1],[0,1],[0,1],[0,1],[0,1],[0,1],[0,1],[0,1],[0,1],[0,1],[0,1],[0,1],[0,1],[0,1],[0,1],[0,1],[0,1],[0,1],[0,1],[0,1],[0,1],[0,1],[0,1],[0,1],[0,1],[0,1],[0,1],[0,1],[0,1],[0,1],[0,1],[0,1],[0,1],[0,1],[0,1],[0,1],[0,1],[0,1],[0,1],[0,1],[0,1],[0,1],[0,1],[0,1],[0,1],[0,1],[0,1],[0,1],[0,1],[0,1],[0,1],[0,1],[0,1],[0,1],[0,1],[0,1],[0,1],[0,1],[0,1],[0,1],[0,1],[0,1],[0,1],[0,1],[0,1],[0,1],[0,1],[0,1],[0,1],[0,1],[0,1],[0,1],[0,1],[0,1],[0,1],[0,1],[0,1],[0,1],[0,1],[0,1],[0,1],[0,1],[0,1],[0,1],[0,1],[0,1],[0,1],[0,1],[0,1],[0,1],[0,1],[0,1],[0,1],[0,1],[0,1],[0,1],[0,1],[0,1],[0,1],[0,1],[0,1],[0,1],[0,1],[0,1],[0,1],[0,1],[0,1],[0,1],[0,1],[0,1],[0,1],[0,1],[0,1],[0,1],[0,1],[0,1],[0,1],[0,1],[0,1],[0,1],[0,1],[0,1],[0,1],[0,1],[0,1],[0,1],[0,1],[0,1],[0,1],[0,1],[0,1],[0,1],[0,1],[0,1],[0,1],[0,1],[0,1],[0,1],[0,1],[0,1],[0,1],[0,1],[0,1],[0,1],[0,1],[0,1],[0,1],[0,1],[0,1],[0,1],[0,1],[0,1],[0,1],[0,1],[0,1],[0,1],[0,1],[0,1],[0,1],[0,1],[0,1],[0,1],[0,1],[0,1],[0,1],[0,1],[0,1],[0,1],[0,1],[0,1],[0,1],[0,1],[0,1],[0,1],[0,1],[0,1],[0,1],[0,1],[0,1],[0,1],[0,1],[0,1],[0,1],[0,1],[0,1],[0,1],[0,1],[0,1],[0,1],[0,1],[0,1],[0,1],[0,1],[0,1],[0,1],[0,1],[0,1],[0,1],[0,1],[0,1],[0,1],[0,1],[0,1],[0,1],[0,1],[0,1],[0,1],[0,1],[0,1],[0,1],[0,1],[0,1],[0,1],[0,1],[0,1],[0,1],[0,1],[0,1],[0,1],[0,1],[0,1],[0,1],[0,1],[0,1],[0,1],[0,1],[0,1],[0,1],[0,1],[0,1],[0,1],[0,1],[0,1],[0,1],[0,1],[0,1],[0,1],[0,1],[0,1],[0,1],[0,1],[0,1],[0,1],[0,1],[0,1],[0,1],[0,1],[0,1],[0,1],[0,1],[0,1],[0,1],[0,1],[0,1],[0,1],[0,1],[0,1],[0,1],[0,1],[0,1],[0,1],[0,1],[0,1],[0,1],[0,1],[0,1],[0,1],[0,1],[0,1],[0,1],[0,1],[0,1],[0,1],[0,1],[0,1],[0,1],[0,1],[0,1],[0,1],[0,1],[0,1],[0,1],[0,1],[0,1],[0,1],[0,1],[0,1],[0,1],[0,1],[0,1],[0,1],[0,1],[0,1],[0,1],[0,1],[0,1],[0,1],[0,1],[0,1],[0,1],[0,1],[0,1],[0,1],[0,1],[0,1],[0,1],[0,1],[0,1],[0,1],[0,1],[0,1],[0,1],[0,1],[0,1],[0,1],[0,1],[0,1],[0,1],[0,1],[0,1],[0,1],[0,1],[0,1],[0,1],[0,1],[0,1],[0,1],[0,1],[0,1],[0,1],[0,1],[0,1],[0,1],[0,1],[0,1],[0,1],[0,1],[0,1],[0,1],[0,1],[0,1],[0,1],[0,1],[0,1],[0,1],[0,1],[0,1],[0,1],[0,1],[0,1],[0,1],[0,1],[0,1],[0,1],[0,1],[0,1],[0,1],[0,1],[0,1],[0,1],[0,1],[0,1],[0,1],[0,1],[0,1],[0,1],[0,1],[0,1],[0,1],[0,1],[0,1],[0,1],[0,1],[0,1],[0,1],[0,1],[0,1],[0,1],[0,1],[0,1],[0,1],[0,1],[0,1],[0,1],[0,1],[0,1],[0,1],[0,1],[0,1],[0,1],[0,1],[0,1],[0,1],[0,1],[0,1],[0,1],[0,1],[0,1],[0,1],[0,1],[0,1],[0,1],[0,1],[0,1],[0,1],[0,1],[0,1],[0,1],[0,1],[0,1],[0,1],[0,1],[0,1],[0,1],[0,1],[0,1],[0,1],[0,1],[0,1],[0,1],[0,1],[0,1],[0,1],[0,1],[0,1],[0,1],[0,1],[0,1],[0,1],[0,1],[0,1],[0,1],[0,1],[0,1],[0,1],[0,1],[0,1],[0,1],[0,1],[0,1],[0,1],[0,1],[0,1],[0,1],[0,1],[0,1],[0,1],[0,1],[0,1],[0,1],[0,1],[0,1],[0,1],[0,1],[0,1],[0,1],[0,1],[0,1],[0,1],[0,1],[0,1],[0,1],[0,1],[0,1],[0,1],[0,1],[0,1],[0,1],[0,1],[0,1],[0,1],[0,1],[0,1],[0,1],[0,1],[0,1],[0,1],[0,1],[0,1],[0,1],[0,1],[0,1],[0,1],[0,1],[0,1],[0,1],[0,1],[0,1],[0,1],[0,1],[0,1],[0,1],[0,1],[0,1],[0,1],[0,1],[0,1],[0,1],[0,1],[0,1],[0,1],[0,1],[0,1],[0,1],[0,1],[0,1],[0,1],[0,1],[0,1],[0,1],[0,1],[0,1],[0,1],[0,1],[0,1],[0,1],[0,1],[0,1],[0,1],[0,1],[0,1],[0,1],[0,1],[0,1],[0,1],[0,1],[0,1],[0,1],[0,1],[0,1],[0,1],[0,1],[0,1],[0,1],[0,1],[0,1],[0,1],[0,1],[0,1],[0,1],[0,1],[0,1],[0,1],[0,1],[0,1],[0,1],[0,1],[0,1],[0,1],[0,1],[0,1],[0,1],[0,1],[0,1],[0,1],[0,1],[0,1],[0,1],[0,1],[0,1],[0,1],[0,1],[0,1],[0,1],[0,1],[0,1],[0,1],[0,1],[0,1],[0,1],[0,1],[0,1],[0,1],[0,1],[0,1],[0,1],[0,1],[0,1],[0,1],[0,1],[0,1],[0,1],[0,1],[0,1],[0,1],[0,1],[0,1],[0,1],[0,1],[0,1],[0,1],[0,1],[0,1],[0,1],[0,1],[0,1],[0,1],[0,1],[0,1],[0,1],[0,1],[0,1],[0,1],[0,1],[0,1],[0,1],[0,1],[0,1],[0,1],[0,1],[0,1],[0,1],[0,1],[0,1],[0,1],[0,1],[0,1],[0,1],[0,1],[0,1],[0,1],[0,1],[0,1],[0,1],[0,1],[0,1],[0,1],[0,1],[0,1],[0,1],[0,1],[0,1],[0,1],[0,1],[0,1],[0,1],[0,1],[0,1],[0,1],[0,1],[0,1],[0,1],[0,1],[0,1],[0,1],[0,1],[0,1],[0,1],[0,1],[0,1],[0,1],[0,1],[0,1],[0,1],[0,1],[0,1],[0,1],[0,1],[0,1],[0,1],[0,1],[0,1],[0,1],[0,1],[0,1],[0,1],[0,1],[0,1],[0,1],[0,1],[0,1],[0,1],[0,1],[0,1],[0,1],[0,1],[0,1],[0,1],[0,1],[0,1],[0,1],[0,1],[0,1],[0,1],[0,1],[0,1],[0,1],[0,1],[0,1],[0,1],[0,1],[0,1],[0,1],[0,1],[0,1],[0,1],[0,1],[0,1],[0,1],[0,1],[0,1],[0,1],[0,1],[0,1],[0,1],[0,1],[0,1],[0,1],[0,1],[0,1],[0,1],[0,1],[0,1],[0,1],[0,1],[0,1],[0,1],[0,1],[0,1],[0,1],[0,1],[0,1],[0,1],[0,1],[0,1],[0,1],[0,1],[0,1],[0,1],[0,1],[0,1],[0,1],[0,1],[0,1],[0,1],[0,1],[0,1],[0,1],[0,1],[0,1],[0,1],[0,1],[0,1],[0,1],[0,1],[0,1],[0,1],[0,1],[0,1],[0,1],[0,1],[0,1],[0,1],[0,1],[0,1],[0,1],[0,1],[0,1],[0,1],[0,1],[0,1],[0,1],[0,1],[0,1],[0,1],[0,1],[0,1],[0,1],[0,1],[0,1],[0,1],[0,1],[0,1],[0,1],[0,1],[0,1],[0,1],[0,1],[0,1],[0,1],[0,1],[0,1],[0,1],[0,1],[0,1],[0,1],[0,1],[0,1],[0,1],[0,1],[0,1],[0,1],[0,1],[0,1],[0,1],[0,1],[0,1],[0,1],[0,1],[0,1],[0,1],[0,1],[0,1],[0,1],[0,1],[0,1],[0,1],[0,1],[0,1],[0,1],[0,1],[0,1],[0,1],[0,1],[0,1],[0,1],[0,1],[0,1],[0,1],[0,1],[0,1],[0,1],[0,1],[0,1],[0,1],[0,1],[0,1],[0,1],[0,1],[0,1],[0,1],[0,1],[0,1],[0,1],[0,1],[0,1],[0,1],[0,1],[0,1],[0,1],[0,1],[0,1],[0,1],[0,1],[0,1],[0,1],[0,1],[0,1],[0,1],[0,1],[0,1],[0,1],[0,1],[0,1],[0,1],[0,1],[0,1],[0,1],[0,1],[0,1],[0,1],[0,1],[0,1],[0,1],[0,1],[0,1],[0,1],[0,1],[0,1],[0,1],[0,1],[0,1],[0,1],[0,1],[0,1],[0,1],[0,1],[0,1],[0,1],[0,1],[0,1],[0,1],[0,1],[0,1],[0,1],[0,1],[0,1],[0,1],[0,1],[0,1],[0,1],[0,1],[0,1],[0,1],[0,1],[0,1],[0,1],[0,1],[0,1],[0,1],[0,1],[0,1],[0,1],[0,1],[0,1],[0,1],[0,1],[0,1],[0,1],[0,1],[0,1],[0,1],[0,1],[0,1],[0,1],[0,1],[0,1],[0,1],[0,1],[0,1],[0,1],[0,1],[0,1],[0,1],[0,1],[0,1],[0,1],[0,1],[0,1],[0,1],[0,1],[0,1],[0,1],[0,1],[0,1],[0,1],[0,1],[0,1],[0,1],[0,1],[0,1],[0,1],[0,1],[0,1],[0,1],[0,1],[0,1],[0,1],[0,1],[0,1],[0,1],[0,1],[0,1],[0,1],[0,1],[0,1],[0,1],[0,1],[0,1],[0,1],[0,1],[0,1],[0,1],[0,1],[0,1],[0,1],[0,1],[0,1],[0,1],[0,1],[0,1],[0,1],[0,1],[0,1],[0,1],[0,1],[0,1],[0,1],[0,1],[0,1],[0,1],[0,1],[0,1],[0,1],[0,1],[0,1],[0,1],[0,1],[0,1],[0,1],[0,1],[0,1],[0,1],[0,1],[0,1],[0,1],[0,1],[0,1],[0,1],[0,1],[0,1],[0,1],[0,1],[0,1],[0,1],[0,1],[0,1],[0,1],[0,1],[0,1],[0,1],[0,1],[0,1],[0,1],[0,1],[0,1],[0,1],[0,1],[0,1],[0,1],[0,1],[0,1],[0,1],[0,1],[0,1],[0,1],[0,1],[0,1],[0,1],[0,1],[0,1],[0,1],[0,1],[0,1],[0,1],[0,1],[0,1],[0,1],[0,1],[0,1],[0,1],[0,1],[0,1],[0,1],[0,1],[0,1],[0,1],[0,1],[0,1],[0,1],[0,1],[0,1],[0,1],[0,1],[0,1],[0,1],[0,1],[0,1],[0,1],[0,1],[0,1],[0,1],[0,1],[0,1],[0,1],[0,1],[0,1],[0,1],[0,1],[0,1],[0,1],[0,1],[0,1],[0,1],[0,1],[0,1],[0,1],[0,1],[0,1],[0,1],[0,1],[0,1],[0,1],[0,1],[0,1],[0,1],[0,1],[0,1],[0,1],[0,1],[0,1],[0,1],[0,1],[0,1],[0,1],[0,1],[0,1],[0,1],[0,1],[0,1],[0,1],[0,1],[0,1],[0,1],[0,1],[0,1],[0,1],[0,1],[0,1],[0,1],[0,1],[0,1],[0,1],[0,1],[0,1],[0,1],[0,1],[0,1],[0,1],[0,1],[0,1],[0,1],[0,1],[0,1],[0,1],[0,1],[0,1],[0,1],[0,1],[0,1],[0,1],[0,1],[0,1],[0,1],[0,1],[0,1],[0,1],[0,1],[0,1],[0,1],[0,1],[0,1],[0,1],[0,1],[0,1],[0,1],[0,1],[0,1],[0,1],[0,1],[0,1],[0,1],[0,1],[0,1],[0,1],[0,1],[0,1],[0,1],[0,1],[0,1],[0,1],[0,1],[0,1],[0,1],[0,1],[0,1],[0,1],[0,1],[0,1],[0,1],[0,1],[0,1],[0,1],[0,1],[0,1],[0,1],[0,1],[0,1],[0,1],[0,1],[0,1],[0,1],[0,1],[0,1],[0,1],[0,1],[0,1],[0,1],[0,1],[0,1],[0,1],[0,1],[0,1],[0,1],[0,1],[0,1],[0,1],[0,1],[0,1],[0,1],[0,1],[0,1],[0,1],[0,1],[0,1],[0,1],[0,1],[0,1],[0,1],[0,1],[0,1],[0,1],[0,1],[0,1],[0,1],[0,1],[0,1],[0,1],[0,1],[0,1],[0,1],[0,1],[0,1],[0,1],[0,1],[0,1],[0,1],[0,1],[0,1],[0,1],[0,1],[0,1],[0,1],[0,1],[0,1],[0,1],[0,1],[0,1],[0,1],[0,1],[0,1],[0,1],[0,1],[0,1],[0,1],[0,1],[0,1],[0,1],[0,1],[0,1],[0,1],[0,1],[0,1],[0,1],[0,1],[0,1],[0,1],[0,1],[0,1],[0,1],[0,1],[0,1],[0,1],[0,1],[0,1],[0,1],[0,1],[0,1],[0,1],[0,1],[0,1],[0,1],[0,1],[0,1],[0,1]]
# code_output:
# runtime_error:
# last_testcase:[[0,1],[0,1],[0,1],[0,1],[0,1],[0,1],[0,1],[0,1],[0,1],[0,1],[0,1],[0,1],[0,1],[0,1],[0,1],[0,1],[0,1],[0,1],[0,1],[0,1],[0,1],[0,1],[0,1],[0,1],[0,1],[0,1],[0,1],[0,1],[0,1],[0,1],[0,1],[0,1],[0,1],[0,1],[0,1],[0,1],[0,1],[0,1],[0,1],[0,1],[0,1],[0,1],[0,1],[0,1],[0,1],[0,1],[0,1],[0,1],[0,1],[0,1],[0,1],[0,1],[0,1],[0,1],[0,1],[0,1],[0,1],[0,1],[0,1],[0,1],[0,1],[0,1],[0,1],[0,1],[0,1],[0,1],[0,1],[0,1],[0,1],[0,1],[0,1],[0,1],[0,1],[0,1],[0,1],[0,1],[0,1],[0,1],[0,1],[0,1],[0,1],[0,1],[0,1],[0,1],[0,1],[0,1],[0,1],[0,1],[0,1],[0,1],[0,1],[0,1],[0,1],[0,1],[0,1],[0,1],[0,1],[0,1],[0,1],[0,1],[0,1],[0,1],[0,1],[0,1],[0,1],[0,1],[0,1],[0,1],[0,1],[0,1],[0,1],[0,1],[0,1],[0,1],[0,1],[0,1],[0,1],[0,1],[0,1],[0,1],[0,1],[0,1],[0,1],[0,1],[0,1],[0,1],[0,1],[0,1],[0,1],[0,1],[0,1],[0,1],[0,1],[0,1],[0,1],[0,1],[0,1],[0,1],[0,1],[0,1],[0,1],[0,1],[0,1],[0,1],[0,1],[0,1],[0,1],[0,1],[0,1],[0,1],[0,1],[0,1],[0,1],[0,1],[0,1],[0,1],[0,1],[0,1],[0,1],[0,1],[0,1],[0,1],[0,1],[0,1],[0,1],[0,1],[0,1],[0,1],[0,1],[0,1],[0,1],[0,1],[0,1],[0,1],[0,1],[0,1],[0,1],[0,1],[0,1],[0,1],[0,1],[0,1],[0,1],[0,1],[0,1],[0,1],[0,1],[0,1],[0,1],[0,1],[0,1],[0,1],[0,1],[0,1],[0,1],[0,1],[0,1],[0,1],[0,1],[0,1],[0,1],[0,1],[0,1],[0,1],[0,1],[0,1],[0,1],[0,1],[0,1],[0,1],[0,1],[0,1],[0,1],[0,1],[0,1],[0,1],[0,1],[0,1],[0,1],[0,1],[0,1],[0,1],[0,1],[0,1],[0,1],[0,1],[0,1],[0,1],[0,1],[0,1],[0,1],[0,1],[0,1],[0,1],[0,1],[0,1],[0,1],[0,1],[0,1],[0,1],[0,1],[0,1],[0,1],[0,1],[0,1],[0,1],[0,1],[0,1],[0,1],[0,1],[0,1],[0,1],[0,1],[0,1],[0,1],[0,1],[0,1],[0,1],[0,1],[0,1],[0,1],[0,1],[0,1],[0,1],[0,1],[0,1],[0,1],[0,1],[0,1],[0,1],[0,1],[0,1],[0,1],[0,1],[0,1],[0,1],[0,1],[0,1],[0,1],[0,1],[0,1],[0,1],[0,1],[0,1],[0,1],[0,1],[0,1],[0,1],[0,1],[0,1],[0,1],[0,1],[0,1],[0,1],[0,1],[0,1],[0,1],[0,1],[0,1],[0,1],[0,1],[0,1],[0,1],[0,1],[0,1],[0,1],[0,1],[0,1],[0,1],[0,1],[0,1],[0,1],[0,1],[0,1],[0,1],[0,1],[0,1],[0,1],[0,1],[0,1],[0,1],[0,1],[0,1],[0,1],[0,1],[0,1],[0,1],[0,1],[0,1],[0,1],[0,1],[0,1],[0,1],[0,1],[0,1],[0,1],[0,1],[0,1],[0,1],[0,1],[0,1],[0,1],[0,1],[0,1],[0,1],[0,1],[0,1],[0,1],[0,1],[0,1],[0,1],[0,1],[0,1],[0,1],[0,1],[0,1],[0,1],[0,1],[0,1],[0,1],[0,1],[0,1],[0,1],[0,1],[0,1],[0,1],[0,1],[0,1],[0,1],[0,1],[0,1],[0,1],[0,1],[0,1],[0,1],[0,1],[0,1],[0,1],[0,1],[0,1],[0,1],[0,1],[0,1],[0,1],[0,1],[0,1],[0,1],[0,1],[0,1],[0,1],[0,1],[0,1],[0,1],[0,1],[0,1],[0,1],[0,1],[0,1],[0,1],[0,1],[0,1],[0,1],[0,1],[0,1],[0,1],[0,1],[0,1],[0,1],[0,1],[0,1],[0,1],[0,1],[0,1],[0,1],[0,1],[0,1],[0,1],[0,1],[0,1],[0,1],[0,1],[0,1],[0,1],[0,1],[0,1],[0,1],[0,1],[0,1],[0,1],[0,1],[0,1],[0,1],[0,1],[0,1],[0,1],[0,1],[0,1],[0,1],[0,1],[0,1],[0,1],[0,1],[0,1],[0,1],[0,1],[0,1],[0,1],[0,1],[0,1],[0,1],[0,1],[0,1],[0,1],[0,1],[0,1],[0,1],[0,1],[0,1],[0,1],[0,1],[0,1],[0,1],[0,1],[0,1],[0,1],[0,1],[0,1],[0,1],[0,1],[0,1],[0,1],[0,1],[0,1],[0,1],[0,1],[0,1],[0,1],[0,1],[0,1],[0,1],[0,1],[0,1],[0,1],[0,1],[0,1],[0,1],[0,1],[0,1],[0,1],[0,1],[0,1],[0,1],[0,1],[0,1],[0,1],[0,1],[0,1],[0,1],[0,1],[0,1],[0,1],[0,1],[0,1],[0,1],[0,1],[0,1],[0,1],[0,1],[0,1],[0,1],[0,1],[0,1],[0,1],[0,1],[0,1],[0,1],[0,1],[0,1],[0,1],[0,1],[0,1],[0,1],[0,1],[0,1],[0,1],[0,1],[0,1],[0,1],[0,1],[0,1],[0,1],[0,1],[0,1],[0,1],[0,1],[0,1],[0,1],[0,1],[0,1],[0,1],[0,1],[0,1],[0,1],[0,1],[0,1],[0,1],[0,1],[0,1],[0,1],[0,1],[0,1],[0,1],[0,1],[0,1],[0,1],[0,1],[0,1],[0,1],[0,1],[0,1],[0,1],[0,1],[0,1],[0,1],[0,1],[0,1],[0,1],[0,1],[0,1],[0,1],[0,1],[0,1],[0,1],[0,1],[0,1],[0,1],[0,1],[0,1],[0,1],[0,1],[0,1],[0,1],[0,1],[0,1],[0,1],[0,1],[0,1],[0,1],[0,1],[0,1],[0,1],[0,1],[0,1],[0,1],[0,1],[0,1],[0,1],[0,1],[0,1],[0,1],[0,1],[0,1],[0,1],[0,1],[0,1],[0,1],[0,1],[0,1],[0,1],[0,1],[0,1],[0,1],[0,1],[0,1],[0,1],[0,1],[0,1],[0,1],[0,1],[0,1],[0,1],[0,1],[0,1],[0,1],[0,1],[0,1],[0,1],[0,1],[0,1],[0,1],[0,1],[0,1],[0,1],[0,1],[0,1],[0,1],[0,1],[0,1],[0,1],[0,1],[0,1],[0,1],[0,1],[0,1],[0,1],[0,1],[0,1],[0,1],[0,1],[0,1],[0,1],[0,1],[0,1],[0,1],[0,1],[0,1],[0,1],[0,1],[0,1],[0,1],[0,1],[0,1],[0,1],[0,1],[0,1],[0,1],[0,1],[0,1],[0,1],[0,1],[0,1],[0,1],[0,1],[0,1],[0,1],[0,1],[0,1],[0,1],[0,1],[0,1],[0,1],[0,1],[0,1],[0,1],[0,1],[0,1],[0,1],[0,1],[0,1],[0,1],[0,1],[0,1],[0,1],[0,1],[0,1],[0,1],[0,1],[0,1],[0,1],[0,1],[0,1],[0,1],[0,1],[0,1],[0,1],[0,1],[0,1],[0,1],[0,1],[0,1],[0,1],[0,1],[0,1],[0,1],[0,1],[0,1],[0,1],[0,1],[0,1],[0,1],[0,1],[0,1],[0,1],[0,1],[0,1],[0,1],[0,1],[0,1],[0,1],[0,1],[0,1],[0,1],[0,1],[0,1],[0,1],[0,1],[0,1],[0,1],[0,1],[0,1],[0,1],[0,1],[0,1],[0,1],[0,1],[0,1],[0,1],[0,1],[0,1],[0,1],[0,1],[0,1],[0,1],[0,1],[0,1],[0,1],[0,1],[0,1],[0,1],[0,1],[0,1],[0,1],[0,1],[0,1],[0,1],[0,1],[0,1],[0,1],[0,1],[0,1],[0,1],[0,1],[0,1],[0,1],[0,1],[0,1],[0,1],[0,1],[0,1],[0,1],[0,1],[0,1],[0,1],[0,1],[0,1],[0,1],[0,1],[0,1],[0,1],[0,1],[0,1],[0,1],[0,1],[0,1],[0,1],[0,1],[0,1],[0,1],[0,1],[0,1],[0,1],[0,1],[0,1],[0,1],[0,1],[0,1],[0,1],[0,1],[0,1],[0,1],[0,1],[0,1],[0,1],[0,1],[0,1],[0,1],[0,1],[0,1],[0,1],[0,1],[0,1],[0,1],[0,1],[0,1],[0,1],[0,1],[0,1],[0,1],[0,1],[0,1],[0,1],[0,1],[0,1],[0,1],[0,1],[0,1],[0,1],[0,1],[0,1],[0,1],[0,1],[0,1],[0,1],[0,1],[0,1],[0,1],[0,1],[0,1],[0,1],[0,1],[0,1],[0,1],[0,1],[0,1],[0,1],[0,1],[0,1],[0,1],[0,1],[0,1],[0,1],[0,1],[0,1],[0,1],[0,1],[0,1],[0,1],[0,1],[0,1],[0,1],[0,1],[0,1],[0,1],[0,1],[0,1],[0,1],[0,1],[0,1],[0,1],[0,1],[0,1],[0,1],[0,1],[0,1],[0,1],[0,1],[0,1],[0,1],[0,1],[0,1],[0,1],[0,1],[0,1],[0,1],[0,1],[0,1],[0,1],[0,1],[0,1],[0,1],[0,1],[0,1],[0,1],[0,1],[0,1],[0,1],[0,1],[0,1],[0,1],[0,1],[0,1],[0,1],[0,1],[0,1],[0,1],[0,1],[0,1],[0,1],[0,1],[0,1],[0,1],[0,1],[0,1],[0,1],[0,1],[0,1],[0,1],[0,1],[0,1],[0,1],[0,1],[0,1],[0,1],[0,1],[0,1],[0,1],[0,1],[0,1],[0,1],[0,1],[0,1],[0,1],[0,1],[0,1],[0,1],[0,1],[0,1],[0,1],[0,1],[0,1],[0,1],[0,1],[0,1],[0,1],[0,1],[0,1],[0,1],[0,1],[0,1],[0,1],[0,1],[0,1],[0,1],[0,1],[0,1],[0,1],[0,1],[0,1],[0,1],[0,1],[0,1],[0,1],[0,1],[0,1],[0,1],[0,1],[0,1],[0,1],[0,1],[0,1],[0,1],[0,1],[0,1],[0,1],[0,1],[0,1],[0,1],[0,1],[0,1],[0,1],[0,1],[0,1],[0,1],[0,1],[0,1],[0,1],[0,1],[0,1],[0,1],[0,1],[0,1],[0,1],[0,1],[0,1],[0,1],[0,1],[0,1],[0,1],[0,1],[0,1],[0,1],[0,1],[0,1],[0,1],[0,1],[0,1],[0,1],[0,1],[0,1],[0,1],[0,1],[0,1],[0,1],[0,1],[0,1],[0,1],[0,1],[0,1],[0,1],[0,1],[0,1],[0,1],[0,1],[0,1],[0,1],[0,1],[0,1],[0,1],[0,1],[0,1],[0,1],[0,1],[0,1],[0,1],[0,1],[0,1],[0,1],[0,1],[0,1],[0,1],[0,1],[0,1],[0,1],[0,1],[0,1],[0,1],[0,1],[0,1],[0,1],[0,1],[0,1],[0,1],[0,1],[0,1],[0,1],[0,1],[0,1],[0,1],[0,1],[0,1],[0,1],[0,1],[0,1],[0,1],[0,1],[0,1],[0,1],[0,1],[0,1],[0,1],[0,1],[0,1],[0,1],[0,1],[0,1],[0,1],[0,1],[0,1],[0,1],[0,1],[0,1],[0,1],[0,1],[0,1],[0,1],[0,1],[0,1],[0,1],[0,1],[0,1],[0,1],[0,1],[0,1],[0,1],[0,1],[0,1],[0,1],[0,1],[0,1],[0,1],[0,1],[0,1],[0,1],[0,1],[0,1],[0,1],[0,1],[0,1],[0,1],[0,1],[0,1],[0,1],[0,1],[0,1],[0,1],[0,1],[0,1],[0,1],[0,1],[0,1],[0,1],[0,1],[0,1],[0,1],[0,1],[0,1],[0,1],[0,1],[0,1],[0,1],[0,1],[0,1],[0,1],[0,1],[0,1],[0,1],[0,1],[0,1],[0,1],[0,1],[0,1],[0,1],[0,1],[0,1],[0,1],[0,1],[0,1],[0,1],[0,1],[0,1],[0,1],[0,1],[0,1],[0,1],[0,1],[0,1],[0,1],[0,1],[0,1],[0,1],[0,1],[0,1],[0,1],[0,1],[0,1],[0,1],[0,1],[0,1],[0,1],[0,1],[0,1],[0,1],[0,1],[0,1],[0,1],[0,1],[0,1],[0,1],[0,1],[0,1],[0,1],[0,1],[0,1],[0,1],[0,1],[0,1],[0,1],[0,1],[0,1],[0,1],[0,1],[0,1],[0,1],[0,1],[0,1],[0,1],[0,1],[0,1],[0,1],[0,1],[0,1],[0,1],[0,1],[0,1],[0,1],[0,1],[0,1],[0,1],[0,1],[0,1],[0,1],[0,1],[0,1],[0,1],[0,1],[0,1],[0,1],[0,1],[0,1],[0,1],[0,1],[0,1],[0,1],[0,1],[0,1],[0,1],[0,1],[0,1],[0,1],[0,1],[0,1],[0,1],[0,1],[0,1],[0,1],[0,1],[0,1],[0,1],[0,1],[0,1],[0,1],[0,1],[0,1],[0,1],[0,1],[0,1],[0,1],[0,1],[0,1],[0,1],[0,1],[0,1],[0,1],[0,1],[0,1],[0,1],[0,1],[0,1],[0,1],[0,1],[0,1],[0,1],[0,1],[0,1],[0,1],[0,1],[0,1],[0,1],[0,1],[0,1],[0,1],[0,1],[0,1],[0,1],[0,1],[0,1],[0,1],[0,1],[0,1],[0,1],[0,1],[0,1],[0,1],[0,1],[0,1],[0,1],[0,1],[0,1],[0,1],[0,1],[0,1],[0,1],[0,1],[0,1],[0,1],[0,1],[0,1],[0,1],[0,1],[0,1],[0,1],[0,1],[0,1],[0,1],[0,1],[0,1],[0,1],[0,1],[0,1],[0,1],[0,1],[0,1],[0,1],[0,1],[0,1],[0,1],[0,1],[0,1],[0,1],[0,1],[0,1],[0,1],[0,1],[0,1],[0,1],[0,1],[0,1],[0,1],[0,1],[0,1],[0,1],[0,1],[0,1],[0,1],[0,1],[0,1],[0,1],[0,1],[0,1],[0,1],[0,1],[0,1],[0,1],[0,1],[0,1],[0,1],[0,1],[0,1],[0,1],[0,1],[0,1],[0,1],[0,1],[0,1],[0,1],[0,1],[0,1],[0,1],[0,1],[0,1],[0,1],[0,1],[0,1],[0,1],[0,1],[0,1],[0,1],[0,1],[0,1],[0,1],[0,1],[0,1],[0,1],[0,1],[0,1],[0,1],[0,1],[0,1],[0,1],[0,1],[0,1],[0,1],[0,1],[0,1],[0,1],[0,1],[0,1],[0,1],[0,1],[0,1],[0,1],[0,1],[0,1],[0,1],[0,1],[0,1],[0,1],[0,1],[0,1],[0,1],[0,1],[0,1],[0,1],[0,1],[0,1],[0,1],[0,1],[0,1],[0,1],[0,1],[0,1],[0,1],[0,1],[0,1],[0,1],[0,1],[0,1],[0,1],[0,1],[0,1],[0,1],[0,1],[0,1],[0,1],[0,1],[0,1],[0,1],[0,1],[0,1],[0,1],[0,1],[0,1],[0,1],[0,1],[0,1],[0,1],[0,1],[0,1],[0,1],[0,1],[0,1],[0,1],[0,1],[0,1],[0,1],[0,1],[0,1],[0,1],[0,1],[0,1],[0,1],[0,1],[0,1],[0,1],[0,1],[0,1],[0,1],[0,1],[0,1],[0,1],[0,1],[0,1],[0,1],[0,1],[0,1],[0,1],[0,1],[0,1],[0,1],[0,1],[0,1],[0,1],[0,1],[0,1],[0,1],[0,1],[0,1],[0,1],[0,1],[0,1],[0,1],[0,1],[0,1],[0,1],[0,1],[0,1],[0,1],[0,1],[0,1],[0,1],[0,1],[0,1],[0,1],[0,1],[0,1],[0,1],[0,1],[0,1],[0,1],[0,1],[0,1],[0,1],[0,1],[0,1],[0,1],[0,1],[0,1],[0,1],[0,1],[0,1],[0,1],[0,1],[0,1],[0,1],[0,1],[0,1],[0,1],[0,1],[0,1],[0,1],[0,1],[0,1],[0,1],[0,1],[0,1],[0,1],[0,1],[0,1],[0,1],[0,1],[0,1],[0,1],[0,1],[0,1],[0,1],[0,1],[0,1],[0,1],[0,1],[0,1],[0,1],[0,1],[0,1],[0,1],[0,1],[0,1],[0,1],[0,1],[0,1],[0,1],[0,1],[0,1],[0,1],[0,1],[0,1],[0,1],[0,1],[0,1],[0,1],[0,1],[0,1],[0,1],[0,1],[0,1],[0,1],[0,1],[0,1],[0,1],[0,1],[0,1],[0,1],[0,1],[0,1],[0,1],[0,1],[0,1],[0,1],[0,1],[0,1],[0,1],[0,1],[0,1],[0,1],[0,1],[0,1],[0,1],[0,1],[0,1],[0,1],[0,1],[0,1],[0,1],[0,1],[0,1],[0,1],[0,1],[0,1],[0,1],[0,1],[0,1],[0,1],[0,1],[0,1],[0,1],[0,1],[0,1],[0,1],[0,1],[0,1],[0,1],[0,1],[0,1],[0,1],[0,1],[0,1],[0,1],[0,1],[0,1],[0,1],[0,1],[0,1],[0,1],[0,1],[0,1],[0,1],[0,1],[0,1],[0,1],[0,1],[0,1],[0,1],[0,1],[0,1],[0,1],[0,1],[0,1],[0,1],[0,1],[0,1],[0,1],[0,1],[0,1],[0,1],[0,1],[0,1],[0,1],[0,1],[0,1],[0,1],[0,1],[0,1],[0,1],[0,1],[0,1],[0,1],[0,1],[0,1],[0,1],[0,1],[0,1],[0,1],[0,1],[0,1],[0,1],[0,1],[0,1],[0,1],[0,1],[0,1],[0,1],[0,1],[0,1],[0,1],[0,1],[0,1],[0,1],[0,1],[0,1],[0,1],[0,1],[0,1],[0,1],[0,1],[0,1],[0,1],[0,1],[0,1],[0,1],[0,1],[0,1],[0,1],[0,1],[0,1],[0,1],[0,1],[0,1],[0,1],[0,1],[0,1],[0,1],[0,1],[0,1],[0,1],[0,1],[0,1],[0,1],[0,1],[0,1],[0,1],[0,1],[0,1],[0,1],[0,1],[0,1],[0,1],[0,1],[0,1],[0,1],[0,1],[0,1],[0,1],[0,1],[0,1],[0,1],[0,1],[0,1],[0,1],[0,1],[0,1],[0,1],[0,1],[0,1],[0,1],[0,1],[0,1],[0,1],[0,1],[0,1],[0,1],[0,1],[0,1],[0,1],[0,1],[0,1],[0,1],[0,1],[0,1],[0,1],[0,1],[0,1],[0,1],[0,1],[0,1],[0,1],[0,1],[0,1],[0,1],[0,1],[0,1],[0,1],[0,1],[0,1],[0,1],[0,1],[0,1],[0,1],[0,1],[0,1],[0,1],[0,1],[0,1],[0,1],[0,1],[0,1],[0,1],[0,1],[0,1],[0,1],[0,1],[0,1],[0,1],[0,1],[0,1],[0,1],[0,1],[0,1],[0,1],[0,1],[0,1],[0,1],[0,1],[0,1],[0,1],[0,1],[0,1],[0,1],[0,1],[0,1],[0,1],[0,1],[0,1],[0,1],[0,1],[0,1],[0,1],[0,1],[0,1],[0,1],[0,1],[0,1],[0,1],[0,1],[0,1],[0,1],[0,1],[0,1],[0,1],[0,1],[0,1],[0,1],[0,1],[0,1],[0,1],[0,1],[0,1],[0,1],[0,1],[0,1],[0,1],[0,1],[0,1],[0,1],[0,1],[0,1],[0,1],[0,1],[0,1],[0,1],[0,1],[0,1],[0,1],[0,1],[0,1],[0,1],[0,1],[0,1],[0,1],[0,1],[0,1],[0,1],[0,1],[0,1],[0,1],[0,1],[0,1],[0,1],[0,1],[0,1],[0,1],[0,1],[0,1],[0,1],[0,1],[0,1],[0,1],[0,1],[0,1],[0,1],[0,1],[0,1],[0,1],[0,1],[0,1],[0,1],[0,1],[0,1],[0,1],[0,1],[0,1],[0,1],[0,1],[0,1],[0,1],[0,1],[0,1],[0,1],[0,1],[0,1],[0,1],[0,1],[0,1],[0,1],[0,1],[0,1],[0,1],[0,1],[0,1],[0,1],[0,1],[0,1],[0,1],[0,1],[0,1],[0,1],[0,1],[0,1],[0,1],[0,1],[0,1],[0,1],[0,1],[0,1],[0,1],[0,1],[0,1],[0,1],[0,1],[0,1],[0,1],[0,1],[0,1],[0,1],[0,1],[0,1],[0,1],[0,1],[0,1],[0,1],[0,1],[0,1],[0,1],[0,1],[0,1],[0,1],[0,1],[0,1],[0,1],[0,1],[0,1],[0,1],[0,1],[0,1],[0,1],[0,1],[0,1],[0,1],[0,1],[0,1],[0,1],[0,1],[0,1],[0,1],[0,1],[0,1],[0,1],[0,1],[0,1],[0,1],[0,1],[0,1],[0,1],[0,1],[0,1],[0,1],[0,1],[0,1],[0,1],[0,1],[0,1],[0,1],[0,1],[0,1],[0,1],[0,1],[0,1],[0,1],[0,1],[0,1],[0,1],[0,1],[0,1],[0,1],[0,1],[0,1],[0,1],[0,1],[0,1],[0,1],[0,1],[0,1],[0,1],[0,1],[0,1],[0,1],[0,1],[0,1],[0,1],[0,1],[0,1],[0,1],[0,1],[0,1],[0,1],[0,1],[0,1],[0,1],[0,1],[0,1],[0,1],[0,1],[0,1],[0,1],[0,1],[0,1],[0,1],[0,1],[0,1],[0,1],[0,1],[0,1],[0,1],[0,1],[0,1],[0,1],[0,1],[0,1],[0,1],[0,1],[0,1],[0,1],[0,1],[0,1],[0,1],[0,1],[0,1],[0,1],[0,1],[0,1],[0,1],[0,1],[0,1],[0,1],[0,1],[0,1],[0,1],[0,1],[0,1],[0,1],[0,1],[0,1],[0,1],[0,1],[0,1],[0,1],[0,1],[0,1],[0,1],[0,1],[0,1],[0,1],[0,1],[0,1],[0,1],[0,1],[0,1],[0,1],[0,1],[0,1],[0,1],[0,1],[0,1],[0,1],[0,1],[0,1],[0,1],[0,1],[0,1],[0,1],[0,1],[0,1],[0,1],[0,1],[0,1],[0,1],[0,1],[0,1],[0,1],[0,1],[0,1],[0,1],[0,1],[0,1],[0,1],[0,1],[0,1],[0,1],[0,1],[0,1],[0,1],[0,1],[0,1],[0,1],[0,1],[0,1],[0,1],[0,1],[0,1],[0,1],[0,1],[0,1],[0,1],[0,1],[0,1],[0,1],[0,1],[0,1],[0,1],[0,1],[0,1],[0,1],[0,1],[0,1],[0,1],[0,1],[0,1],[0,1],[0,1],[0,1],[0,1],[0,1],[0,1],[0,1],[0,1],[0,1],[0,1],[0,1],[0,1],[0,1],[0,1],[0,1],[0,1],[0,1],[0,1],[0,1],[0,1],[0,1],[0,1],[0,1],[0,1],[0,1],[0,1],[0,1],[0,1],[0,1],[0,1],[0,1],[0,1],[0,1],[0,1],[0,1],[0,1],[0,1],[0,1],[0,1],[0,1],[0,1],[0,1],[0,1],[0,1],[0,1],[0,1],[0,1],[0,1],[0,1],[0,1],[0,1],[0,1],[0,1],[0,1],[0,1],[0,1],[0,1],[0,1],[0,1],[0,1],[0,1],[0,1],[0,1],[0,1],[0,1],[0,1],[0,1],[0,1],[0,1],[0,1],[0,1],[0,1],[0,1],[0,1],[0,1],[0,1],[0,1],[0,1],[0,1],[0,1],[0,1],[0,1],[0,1],[0,1],[0,1],[0,1],[0,1],[0,1],[0,1],[0,1],[0,1],[0,1],[0,1],[0,1],[0,1],[0,1],[0,1],[0,1],[0,1],[0,1],[0,1],[0,1],[0,1],[0,1],[0,1],[0,1],[0,1],[0,1],[0,1],[0,1],[0,1],[0,1],[0,1],[0,1],[0,1],[0,1],[0,1],[0,1],[0,1],[0,1],[0,1],[0,1],[0,1],[0,1],[0,1],[0,1],[0,1],[0,1],[0,1],[0,1],[0,1],[0,1],[0,1],[0,1],[0,1],[0,1],[0,1],[0,1],[0,1],[0,1],[0,1],[0,1],[0,1],[0,1],[0,1],[0,1],[0,1],[0,1],[0,1],[0,1],[0,1],[0,1],[0,1],[0,1],[0,1],[0,1],[0,1],[0,1],[0,1],[0,1],[0,1],[0,1],[0,1],[0,1],[0,1],[0,1],[0,1],[0,1],[0,1],[0,1],[0,1],[0,1],[0,1],[0,1],[0,1],[0,1],[0,1],[0,1],[0,1],[0,1],[0,1],[0,1],[0,1],[0,1],[0,1],[0,1],[0,1],[0,1],[0,1],[0,1],[0,1],[0,1],[0,1],[0,1],[0,1],[0,1],[0,1],[0,1],[0,1],[0,1],[0,1],[0,1],[0,1],[0,1],[0,1],[0,1],[0,1],[0,1],[0,1],[0,1],[0,1],[0,1],[0,1],[0,1],[0,1],[0,1],[0,1],[0,1],[0,1],[0,1],[0,1],[0,1],[0,1],[0,1],[0,1],[0,1],[0,1],[0,1],[0,1],[0,1],[0,1],[0,1],[0,1],[0,1],[0,1],[0,1],[0,1],[0,1],[0,1],[0,1],[0,1],[0,1],[0,1],[0,1],[0,1],[0,1],[0,1],[0,1],[0,1],[0,1],[0,1],[0,1],[0,1],[0,1],[0,1],[0,1],[0,1],[0,1],[0,1],[0,1],[0,1],[0,1],[0,1],[0,1],[0,1],[0,1],[0,1],[0,1],[0,1],[0,1],[0,1],[0,1],[0,1],[0,1],[0,1],[0,1],[0,1],[0,1],[0,1],[0,1],[0,1],[0,1],[0,1],[0,1],[0,1],[0,1],[0,1],[0,1],[0,1],[0,1],[0,1],[0,1],[0,1],[0,1],[0,1],[0,1],[0,1],[0,1],[0,1],[0,1],[0,1],[0,1],[0,1],[0,1],[0,1],[0,1],[0,1],[0,1],[0,1],[0,1],[0,1],[0,1],[0,1],[0,1],[0,1],[0,1],[0,1],[0,1],[0,1],[0,1],[0,1],[0,1],[0,1],[0,1],[0,1],[0,1],[0,1],[0,1],[0,1],[0,1],[0,1],[0,1],[0,1],[0,1],[0,1],[0,1],[0,1],[0,1],[0,1],[0,1],[0,1],[0,1],[0,1],[0,1],[0,1],[0,1],[0,1],[0,1],[0,1],[0,1],[0,1],[0,1],[0,1],[0,1],[0,1],[0,1],[0,1],[0,1],[0,1],[0,1],[0,1],[0,1],[0,1],[0,1],[0,1],[0,1],[0,1],[0,1],[0,1],[0,1],[0,1],[0,1],[0,1],[0,1],[0,1],[0,1],[0,1],[0,1],[0,1],[0,1],[0,1],[0,1],[0,1],[0,1],[0,1],[0,1],[0,1],[0,1],[0,1],[0,1],[0,1],[0,1],[0,1],[0,1],[0,1],[0,1],[0,1],[0,1],[0,1],[0,1],[0,1],[0,1],[0,1],[0,1],[0,1],[0,1],[0,1],[0,1],[0,1],[0,1],[0,1],[0,1],[0,1],[0,1],[0,1],[0,1],[0,1],[0,1],[0,1],[0,1],[0,1],[0,1],[0,1],[0,1],[0,1],[0,1],[0,1],[0,1],[0,1],[0,1],[0,1],[0,1],[0,1],[0,1],[0,1],[0,1],[0,1],[0,1],[0,1],[0,1],[0,1],[0,1],[0,1],[0,1],[0,1],[0,1],[0,1],[0,1],[0,1],[0,1],[0,1],[0,1],[0,1],[0,1],[0,1],[0,1],[0,1],[0,1],[0,1],[0,1],[0,1],[0,1],[0,1],[0,1],[0,1],[0,1],[0,1],[0,1],[0,1],[0,1],[0,1],[0,1],[0,1],[0,1],[0,1],[0,1],[0,1],[0,1],[0,1],[0,1],[0,1],[0,1],[0,1],[0,1],[0,1],[0,1],[0,1],[0,1],[0,1],[0,1],[0,1],[0,1],[0,1],[0,1],[0,1],[0,1],[0,1],[0,1],[0,1],[0,1],[0,1],[0,1],[0,1],[0,1],[0,1],[0,1],[0,1],[0,1],[0,1],[0,1],[0,1],[0,1],[0,1],[0,1],[0,1],[0,1],[0,1],[0,1],[0,1],[0,1],[0,1],[0,1],[0,1],[0,1],[0,1],[0,1],[0,1],[0,1],[0,1],[0,1],[0,1],[0,1],[0,1],[0,1],[0,1],[0,1],[0,1],[0,1],[0,1],[0,1],[0,1],[0,1],[0,1],[0,1],[0,1],[0,1],[0,1],[0,1],[0,1],[0,1],[0,1],[0,1],[0,1],[0,1],[0,1],[0,1],[0,1],[0,1],[0,1],[0,1],[0,1],[0,1],[0,1],[0,1],[0,1],[0,1],[0,1],[0,1],[0,1],[0,1],[0,1],[0,1],[0,1],[0,1],[0,1],[0,1],[0,1],[0,1],[0,1],[0,1],[0,1],[0,1],[0,1],[0,1],[0,1],[0,1],[0,1],[0,1],[0,1],[0,1],[0,1],[0,1],[0,1],[0,1],[0,1],[0,1],[0,1],[0,1],[0,1],[0,1],[0,1],[0,1],[0,1],[0,1],[0,1],[0,1],[0,1],[0,1],[0,1],[0,1],[0,1],[0,1],[0,1],[0,1],[0,1],[0,1],[0,1],[0,1],[0,1],[0,1],[0,1],[0,1],[0,1],[0,1],[0,1],[0,1],[0,1],[0,1],[0,1],[0,1],[0,1],[0,1],[0,1],[0,1],[0,1],[0,1],[0,1],[0,1],[0,1],[0,1],[0,1],[0,1],[0,1],[0,1],[0,1],[0,1],[0,1],[0,1],[0,1],[0,1],[0,1],[0,1],[0,1],[0,1],[0,1],[0,1],[0,1],[0,1],[0,1],[0,1],[0,1],[0,1],[0,1],[0,1],[0,1],[0,1],[0,1],[0,1],[0,1],[0,1],[0,1],[0,1],[0,1],[0,1],[0,1],[0,1],[0,1],[0,1],[0,1],[0,1],[0,1],[0,1],[0,1],[0,1],[0,1],[0,1],[0,1],[0,1],[0,1],[0,1],[0,1],[0,1],[0,1],[0,1],[0,1],[0,1],[0,1],[0,1],[0,1],[0,1],[0,1],[0,1],[0,1],[0,1],[0,1],[0,1],[0,1],[0,1],[0,1],[0,1],[0,1],[0,1],[0,1],[0,1],[0,1],[0,1],[0,1],[0,1],[0,1],[0,1],[0,1],[0,1],[0,1],[0,1],[0,1],[0,1],[0,1],[0,1],[0,1],[0,1],[0,1],[0,1],[0,1],[0,1],[0,1],[0,1],[0,1],[0,1],[0,1],[0,1],[0,1],[0,1],[0,1],[0,1],[0,1],[0,1],[0,1],[0,1],[0,1],[0,1],[0,1],[0,1],[0,1],[0,1],[0,1],[0,1],[0,1],[0,1],[0,1],[0,1],[0,1],[0,1],[0,1],[0,1],[0,1],[0,1],[0,1],[0,1],[0,1],[0,1],[0,1],[0,1],[0,1],[0,1],[0,1],[0,1],[0,1],[0,1],[0,1],[0,1],[0,1],[0,1],[0,1],[0,1],[0,1],[0,1],[0,1],[0,1],[0,1],[0,1],[0,1],[0,1],[0,1],[0,1],[0,1],[0,1],[0,1],[0,1],[0,1],[0,1],[0,1],[0,1],[0,1],[0,1],[0,1],[0,1],[0,1],[0,1],[0,1],[0,1],[0,1],[0,1],[0,1],[0,1],[0,1],[0,1],[0,1],[0,1],[0,1],[0,1],[0,1],[0,1],[0,1],[0,1],[0,1],[0,1],[0,1],[0,1],[0,1],[0,1],[0,1],[0,1],[0,1],[0,1],[0,1],[0,1],[0,1],[0,1],[0,1],[0,1],[0,1],[0,1],[0,1],[0,1],[0,1],[0,1],[0,1],[0,1],[0,1],[0,1],[0,1],[0,1],[0,1],[0,1],[0,1],[0,1],[0,1],[0,1],[0,1],[0,1],[0,1],[0,1],[0,1],[0,1],[0,1],[0,1],[0,1],[0,1],[0,1],[0,1],[0,1],[0,1],[0,1],[0,1],[0,1],[0,1],[0,1],[0,1],[0,1],[0,1],[0,1],[0,1],[0,1],[0,1],[0,1],[0,1],[0,1],[0,1],[0,1],[0,1],[0,1],[0,1],[0,1],[0,1],[0,1],[0,1],[0,1],[0,1],[0,1],[0,1],[0,1],[0,1],[0,1],[0,1],[0,1],[0,1],[0,1],[0,1],[0,1],[0,1],[0,1],[0,1],[0,1],[0,1],[0,1],[0,1],[0,1],[0,1],[0,1],[0,1],[0,1],[0,1],[0,1],[0,1],[0,1],[0,1],[0,1],[0,1],[0,1],[0,1],[0,1],[0,1],[0,1],[0,1],[0,1],[0,1],[0,1],[0,1],[0,1],[0,1],[0,1],[0,1],[0,1],[0,1],[0,1],[0,1],[0,1],[0,1],[0,1],[0,1],[0,1],[0,1],[0,1],[0,1],[0,1],[0,1],[0,1],[0,1],[0,1],[0,1],[0,1],[0,1],[0,1],[0,1],[0,1],[0,1],[0,1],[0,1],[0,1],[0,1],[0,1],[0,1],[0,1],[0,1],[0,1],[0,1],[0,1],[0,1],[0,1],[0,1],[0,1],[0,1],[0,1],[0,1],[0,1],[0,1],[0,1],[0,1],[0,1],[0,1],[0,1],[0,1],[0,1],[0,1],[0,1],[0,1],[0,1],[0,1],[0,1],[0,1],[0,1],[0,1],[0,1],[0,1],[0,1],[0,1],[0,1],[0,1],[0,1],[0,1],[0,1],[0,1],[0,1],[0,1],[0,1],[0,1],[0,1],[0,1],[0,1],[0,1],[0,1],[0,1],[0,1],[0,1],[0,1],[0,1],[0,1],[0,1],[0,1],[0,1],[0,1],[0,1],[0,1],[0,1],[0,1],[0,1],[0,1],[0,1],[0,1],[0,1],[0,1],[0,1],[0,1],[0,1],[0,1],[0,1],[0,1],[0,1],[0,1],[0,1],[0,1],[0,1],[0,1],[0,1],[0,1],[0,1],[0,1],[0,1],[0,1],[0,1],[0,1],[0,1],[0,1],[0,1],[0,1],[0,1],[0,1],[0,1],[0,1],[0,1],[0,1],[0,1],[0,1],[0,1],[0,1],[0,1],[0,1],[0,1],[0,1],[0,1],[0,1],[0,1],[0,1],[0,1],[0,1],[0,1],[0,1],[0,1],[0,1],[0,1],[0,1],[0,1],[0,1],[0,1],[0,1],[0,1],[0,1],[0,1],[0,1],[0,1],[0,1],[0,1],[0,1],[0,1],[0,1],[0,1],[0,1],[0,1],[0,1],[0,1],[0,1],[0,1],[0,1],[0,1],[0,1],[0,1],[0,1],[0,1],[0,1],[0,1],[0,1],[0,1],[0,1],[0,1],[0,1],[0,1],[0,1],[0,1],[0,1],[0,1],[0,1],[0,1],[0,1],[0,1],[0,1],[0,1],[0,1],[0,1],[0,1],[0,1],[0,1],[0,1],[0,1],[0,1],[0,1],[0,1],[0,1],[0,1],[0,1],[0,1],[0,1],[0,1],[0,1],[0,1],[0,1],[0,1],[0,1],[0,1],[0,1],[0,1],[0,1],[0,1],[0,1],[0,1],[0,1],[0,1],[0,1],[0,1],[0,1],[0,1],[0,1],[0,1],[0,1],[0,1],[0,1],[0,1],[0,1],[0,1],[0,1],[0,1],[0,1],[0,1],[0,1],[0,1],[0,1],[0,1],[0,1],[0,1],[0,1],[0,1],[0,1],[0,1],[0,1],[0,1],[0,1],[0,1],[0,1],[0,1],[0,1],[0,1],[0,1],[0,1],[0,1],[0,1],[0,1],[0,1],[0,1],[0,1],[0,1],[0,1],[0,1],[0,1],[0,1],[0,1],[0,1],[0,1],[0,1],[0,1],[0,1],[0,1],[0,1],[0,1],[0,1],[0,1],[0,1],[0,1],[0,1],[0,1],[0,1],[0,1],[0,1],[0,1],[0,1],[0,1],[0,1],[0,1],[0,1],[0,1],[0,1],[0,1],[0,1],[0,1],[0,1],[0,1],[0,1],[0,1],[0,1],[0,1],[0,1],[0,1],[0,1],[0,1],[0,1],[0,1],[0,1],[0,1],[0,1],[0,1],[0,1],[0,1],[0,1],[0,1],[0,1],[0,1],[0,1],[0,1],[0,1],[0,1],[0,1],[0,1],[0,1],[0,1],[0,1],[0,1],[0,1],[0,1],[0,1],[0,1],[0,1],[0,1],[0,1],[0,1],[0,1],[0,1],[0,1],[0,1],[0,1],[0,1],[0,1],[0,1],[0,1],[0,1],[0,1],[0,1],[0,1],[0,1],[0,1],[0,1],[0,1],[0,1],[0,1],[0,1],[0,1],[0,1],[0,1],[0,1],[0,1],[0,1],[0,1],[0,1],[0,1],[0,1],[0,1],[0,1],[0,1],[0,1],[0,1],[0,1],[0,1],[0,1],[0,1],[0,1],[0,1],[0,1],[0,1],[0,1],[0,1],[0,1],[0,1],[0,1],[0,1],[0,1],[0,1],[0,1],[0,1],[0,1],[0,1],[0,1],[0,1],[0,1],[0,1],[0,1],[0,1],[0,1],[0,1],[0,1],[0,1],[0,1],[0,1],[0,1],[0,1],[0,1],[0,1],[0,1],[0,1],[0,1],[0,1],[0,1],[0,1],[0,1],[0,1],[0,1],[0,1],[0,1],[0,1],[0,1],[0,1],[0,1],[0,1],[0,1],[0,1],[0,1],[0,1],[0,1],[0,1],[0,1],[0,1],[0,1],[0,1],[0,1],[0,1],[0,1],[0,1],[0,1],[0,1],[0,1],[0,1],[0,1],[0,1],[0,1],[0,1],[0,1],[0,1],[0,1],[0,1],[0,1],[0,1],[0,1],[0,1],[0,1],[0,1],[0,1],[0,1],[0,1],[0,1],[0,1],[0,1],[0,1],[0,1],[0,1],[0,1],[0,1],[0,1],[0,1],[0,1],[0,1],[0,1],[0,1],[0,1],[0,1],[0,1],[0,1],[0,1],[0,1],[0,1],[0,1],[0,1],[0,1],[0,1],[0,1],[0,1],[0,1],[0,1],[0,1],[0,1],[0,1],[0,1],[0,1],[0,1],[0,1],[0,1],[0,1],[0,1],[0,1],[0,1],[0,1],[0,1],[0,1],[0,1],[0,1],[0,1],[0,1],[0,1],[0,1],[0,1],[0,1],[0,1],[0,1],[0,1],[0,1],[0,1],[0,1],[0,1],[0,1],[0,1],[0,1],[0,1],[0,1],[0,1],[0,1],[0,1],[0,1],[0,1],[0,1],[0,1],[0,1],[0,1],[0,1],[0,1],[0,1],[0,1],[0,1],[0,1],[0,1],[0,1],[0,1],[0,1],[0,1],[0,1],[0,1],[0,1],[0,1],[0,1],[0,1],[0,1],[0,1],[0,1],[0,1],[0,1],[0,1],[0,1],[0,1],[0,1],[0,1],[0,1],[0,1],[0,1],[0,1],[0,1],[0,1],[0,1],[0,1],[0,1],[0,1],[0,1],[0,1],[0,1],[0,1],[0,1],[0,1],[0,1],[0,1],[0,1],[0,1],[0,1],[0,1],[0,1],[0,1],[0,1],[0,1],[0,1],[0,1],[0,1],[0,1],[0,1],[0,1],[0,1],[0,1],[0,1],[0,1],[0,1],[0,1],[0,1],[0,1],[0,1],[0,1],[0,1],[0,1],[0,1],[0,1],[0,1],[0,1],[0,1],[0,1],[0,1],[0,1],[0,1],[0,1],[0,1],[0,1],[0,1],[0,1],[0,1],[0,1],[0,1],[0,1],[0,1],[0,1],[0,1],[0,1],[0,1],[0,1],[0,1],[0,1],[0,1],[0,1],[0,1],[0,1],[0,1],[0,1],[0,1],[0,1],[0,1],[0,1],[0,1],[0,1],[0,1],[0,1],[0,1],[0,1],[0,1],[0,1],[0,1],[0,1],[0,1],[0,1],[0,1],[0,1],[0,1],[0,1],[0,1],[0,1],[0,1],[0,1],[0,1],[0,1],[0,1],[0,1],[0,1],[0,1],[0,1],[0,1],[0,1],[0,1],[0,1],[0,1],[0,1],[0,1],[0,1],[0,1],[0,1],[0,1],[0,1],[0,1],[0,1],[0,1],[0,1],[0,1],[0,1],[0,1],[0,1],[0,1],[0,1],[0,1],[0,1],[0,1],[0,1],[0,1],[0,1],[0,1],[0,1],[0,1],[0,1],[0,1],[0,1],[0,1],[0,1],[0,1],[0,1],[0,1],[0,1],[0,1],[0,1],[0,1],[0,1],[0,1],[0,1],[0,1],[0,1],[0,1],[0,1],[0,1],[0,1],[0,1],[0,1],[0,1],[0,1],[0,1],[0,1],[0,1],[0,1],[0,1],[0,1],[0,1],[0,1],[0,1],[0,1],[0,1],[0,1],[0,1],[0,1],[0,1],[0,1],[0,1],[0,1],[0,1],[0,1],[0,1],[0,1],[0,1],[0,1],[0,1],[0,1],[0,1],[0,1],[0,1],[0,1],[0,1],[0,1],[0,1],[0,1],[0,1],[0,1],[0,1],[0,1],[0,1],[0,1],[0,1],[0,1],[0,1],[0,1],[0,1],[0,1],[0,1],[0,1],[0,1],[0,1],[0,1],[0,1],[0,1],[0,1],[0,1],[0,1],[0,1],[0,1],[0,1],[0,1],[0,1],[0,1],[0,1],[0,1],[0,1],[0,1],[0,1],[0,1],[0,1],[0,1],[0,1],[0,1],[0,1],[0,1],[0,1],[0,1],[0,1],[0,1],[0,1],[0,1],[0,1],[0,1],[0,1],[0,1],[0,1],[0,1],[0,1],[0,1],[0,1],[0,1],[0,1],[0,1],[0,1],[0,1],[0,1],[0,1],[0,1],[0,1],[0,1],[0,1],[0,1],[0,1],[0,1],[0,1],[0,1],[0,1],[0,1],[0,1],[0,1],[0,1],[0,1],[0,1],[0,1],[0,1],[0,1],[0,1],[0,1],[0,1],[0,1],[0,1],[0,1],[0,1],[0,1],[0,1],[0,1],[0,1],[0,1],[0,1],[0,1],[0,1],[0,1],[0,1],[0,1],[0,1],[0,1],[0,1],[0,1],[0,1],[0,1],[0,1],[0,1],[0,1],[0,1],[0,1],[0,1],[0,1],[0,1],[0,1],[0,1],[0,1],[0,1],[0,1],[0,1],[0,1],[0,1],[0,1],[0,1],[0,1],[0,1],[0,1],[0,1],[0,1],[0,1],[0,1],[0,1],[0,1],[0,1],[0,1],[0,1],[0,1],[0,1],[0,1],[0,1],[0,1],[0,1],[0,1],[0,1],[0,1],[0,1],[0,1],[0,1],[0,1],[0,1],[0,1],[0,1],[0,1],[0,1],[0,1],[0,1],[0,1],[0,1],[0,1],[0,1],[0,1],[0,1],[0,1],[0,1],[0,1],[0,1],[0,1],[0,1],[0,1],[0,1],[0,1],[0,1],[0,1],[0,1],[0,1],[0,1],[0,1],[0,1],[0,1],[0,1],[0,1],[0,1],[0,1],[0,1],[0,1],[0,1],[0,1],[0,1],[0,1],[0,1],[0,1],[0,1],[0,1],[0,1],[0,1],[0,1],[0,1],[0,1],[0,1],[0,1],[0,1],[0,1],[0,1],[0,1],[0,1],[0,1],[0,1],[0,1],[0,1],[0,1],[0,1],[0,1],[0,1],[0,1],[0,1],[0,1],[0,1],[0,1],[0,1],[0,1],[0,1],[0,1],[0,1],[0,1],[0,1],[0,1],[0,1],[0,1],[0,1],[0,1],[0,1],[0,1],[0,1],[0,1],[0,1],[0,1],[0,1],[0,1],[0,1],[0,1],[0,1],[0,1],[0,1],[0,1],[0,1],[0,1],[0,1],[0,1],[0,1],[0,1],[0,1],[0,1],[0,1],[0,1],[0,1],[0,1],[0,1],[0,1],[0,1],[0,1],[0,1],[0,1],[0,1],[0,1],[0,1],[0,1],[0,1],[0,1],[0,1],[0,1],[0,1],[0,1],[0,1],[0,1],[0,1],[0,1],[0,1],[0,1],[0,1],[0,1],[0,1],[0,1],[0,1],[0,1],[0,1],[0,1],[0,1],[0,1],[0,1],[0,1],[0,1],[0,1],[0,1],[0,1],[0,1],[0,1],[0,1],[0,1],[0,1],[0,1],[0,1],[0,1],[0,1],[0,1],[0,1],[0,1],[0,1],[0,1],[0,1],[0,1],[0,1],[0,1],[0,1],[0,1],[0,1],[0,1],[0,1],[0,1],[0,1],[0,1],[0,1],[0,1],[0,1],[0,1],[0,1],[0,1],[0,1],[0,1],[0,1],[0,1],[0,1],[0,1],[0,1],[0,1],[0,1],[0,1],[0,1],[0,1],[0,1],[0,1],[0,1],[0,1],[0,1],[0,1],[0,1],[0,1],[0,1],[0,1],[0,1],[0,1],[0,1],[0,1],[0,1],[0,1],[0,1],[0,1],[0,1],[0,1],[0,1],[0,1],[0,1],[0,1],[0,1],[0,1],[0,1],[0,1],[0,1],[0,1],[0,1],[0,1],[0,1],[0,1],[0,1],[0,1],[0,1],[0,1],[0,1],[0,1],[0,1],[0,1],[0,1],[0,1],[0,1],[0,1],[0,1],[0,1],[0,1],[0,1],[0,1],[0,1],[0,1],[0,1],[0,1],[0,1],[0,1],[0,1],[0,1],[0,1],[0,1],[0,1],[0,1],[0,1],[0,1],[0,1],[0,1],[0,1],[0,1],[0,1],[0,1],[0,1],[0,1],[0,1],[0,1],[0,1],[0,1],[0,1],[0,1],[0,1],[0,1],[0,1],[0,1],[0,1],[0,1],[0,1],[0,1],[0,1],[0,1],[0,1],[0,1],[0,1],[0,1],[0,1],[0,1],[0,1],[0,1],[0,1],[0,1],[0,1],[0,1],[0,1],[0,1],[0,1],[0,1],[0,1],[0,1],[0,1],[0,1],[0,1],[0,1],[0,1],[0,1],[0,1],[0,1],[0,1],[0,1],[0,1],[0,1],[0,1],[0,1],[0,1],[0,1],[0,1],[0,1],[0,1],[0,1],[0,1],[0,1],[0,1],[0,1],[0,1],[0,1],[0,1],[0,1],[0,1],[0,1],[0,1],[0,1],[0,1],[0,1],[0,1],[0,1],[0,1],[0,1],[0,1],[0,1],[0,1],[0,1],[0,1],[0,1],[0,1],[0,1],[0,1],[0,1],[0,1],[0,1],[0,1],[0,1],[0,1],[0,1],[0,1],[0,1],[0,1],[0,1],[0,1],[0,1],[0,1],[0,1],[0,1],[0,1],[0,1],[0,1],[0,1],[0,1],[0,1],[0,1],[0,1],[0,1],[0,1],[0,1],[0,1],[0,1],[0,1],[0,1],[0,1],[0,1],[0,1],[0,1],[0,1],[0,1],[0,1],[0,1],[0,1],[0,1],[0,1],[0,1],[0,1],[0,1],[0,1],[0,1],[0,1],[0,1],[0,1],[0,1],[0,1],[0,1],[0,1],[0,1],[0,1],[0,1],[0,1],[0,1],[0,1],[0,1],[0,1],[0,1],[0,1],[0,1],[0,1],[0,1],[0,1],[0,1],[0,1],[0,1],[0,1],[0,1],[0,1],[0,1],[0,1],[0,1],[0,1],[0,1],[0,1],[0,1],[0,1],[0,1],[0,1],[0,1],[0,1],[0,1],[0,1],[0,1],[0,1],[0,1],[0,1],[0,1],[0,1],[0,1],[0,1],[0,1],[0,1],[0,1],[0,1],[0,1],[0,1],[0,1],[0,1],[0,1],[0,1],[0,1],[0,1],[0,1],[0,1],[0,1],[0,1],[0,1],[0,1],[0,1],[0,1],[0,1],[0,1],[0,1],[0,1],[0,1],[0,1],[0,1],[0,1],[0,1],[0,1],[0,1],[0,1],[0,1],[0,1],[0,1],[0,1],[0,1],[0,1],[0,1],[0,1],[0,1],[0,1],[0,1],[0,1],[0,1],[0,1],[0,1],[0,1],[0,1],[0,1],[0,1],[0,1],[0,1],[0,1],[0,1],[0,1],[0,1],[0,1],[0,1],[0,1],[0,1],[0,1],[0,1],[0,1],[0,1],[0,1],[0,1],[0,1],[0,1],[0,1],[0,1],[0,1],[0,1],[0,1],[0,1],[0,1],[0,1],[0,1],[0,1],[0,1],[0,1],[0,1],[0,1],[0,1],[0,1],[0,1],[0,1],[0,1],[0,1],[0,1],[0,1],[0,1],[0,1],[0,1],[0,1],[0,1],[0,1],[0,1],[0,1],[0,1],[0,1],[0,1],[0,1],[0,1],[0,1],[0,1],[0,1],[0,1],[0,1],[0,1],[0,1],[0,1],[0,1],[0,1],[0,1],[0,1],[0,1],[0,1],[0,1],[0,1],[0,1],[0,1],[0,1],[0,1],[0,1],[0,1],[0,1],[0,1],[0,1],[0,1],[0,1],[0,1],[0,1],[0,1],[0,1],[0,1],[0,1],[0,1],[0,1],[0,1],[0,1],[0,1],[0,1],[0,1],[0,1],[0,1],[0,1],[0,1],[0,1],[0,1],[0,1],[0,1],[0,1],[0,1],[0,1],[0,1],[0,1],[0,1],[0,1],[0,1],[0,1],[0,1],[0,1],[0,1],[0,1],[0,1],[0,1],[0,1],[0,1],[0,1],[0,1],[0,1],[0,1],[0,1],[0,1],[0,1],[0,1],[0,1],[0,1],[0,1],[0,1],[0,1],[0,1],[0,1],[0,1],[0,1],[0,1],[0,1],[0,1],[0,1],[0,1],[0,1],[0,1],[0,1],[0,1],[0,1],[0,1],[0,1],[0,1],[0,1],[0,1],[0,1],[0,1],[0,1],[0,1],[0,1],[0,1],[0,1],[0,1],[0,1],[0,1],[0,1],[0,1],[0,1],[0,1],[0,1],[0,1],[0,1],[0,1],[0,1],[0,1],[0,1],[0,1],[0,1],[0,1],[0,1],[0,1],[0,1],[0,1],[0,1],[0,1],[0,1],[0,1],[0,1],[0,1],[0,1],[0,1],[0,1],[0,1],[0,1],[0,1],[0,1],[0,1],[0,1],[0,1],[0,1],[0,1],[0,1],[0,1],[0,1],[0,1],[0,1],[0,1],[0,1],[0,1],[0,1],[0,1],[0,1],[0,1],[0,1],[0,1],[0,1],[0,1],[0,1],[0,1],[0,1],[0,1],[0,1],[0,1],[0,1],[0,1],[0,1],[0,1],[0,1],[0,1],[0,1],[0,1],[0,1],[0,1],[0,1],[0,1],[0,1],[0,1],[0,1],[0,1],[0,1],[0,1],[0,1],[0,1],[0,1],[0,1],[0,1],[0,1],[0,1],[0,1],[0,1],[0,1],[0,1],[0,1],[0,1],[0,1],[0,1],[0,1],[0,1],[0,1],[0,1],[0,1],[0,1],[0,1],[0,1],[0,1],[0,1],[0,1],[0,1],[0,1],[0,1],[0,1],[0,1],[0,1],[0,1],[0,1],[0,1],[0,1],[0,1],[0,1],[0,1],[0,1],[0,1],[0,1],[0,1],[0,1],[0,1],[0,1],[0,1],[0,1],[0,1],[0,1],[0,1],[0,1],[0,1],[0,1],[0,1],[0,1],[0,1],[0,1],[0,1],[0,1],[0,1],[0,1],[0,1],[0,1],[0,1],[0,1],[0,1],[0,1],[0,1],[0,1],[0,1],[0,1],[0,1],[0,1],[0,1],[0,1],[0,1],[0,1],[0,1],[0,1],[0,1],[0,1],[0,1],[0,1],[0,1],[0,1],[0,1],[0,1],[0,1],[0,1],[0,1],[0,1],[0,1],[0,1],[0,1],[0,1],[0,1],[0,1],[0,1],[0,1],[0,1],[0,1],[0,1],[0,1],[0,1],[0,1],[0,1],[0,1],[0,1],[0,1],[0,1],[0,1],[0,1],[0,1],[0,1],[0,1],[0,1],[0,1],[0,1],[0,1],[0,1],[0,1],[0,1],[0,1],[0,1],[0,1],[0,1],[0,1],[0,1],[0,1],[0,1],[0,1],[0,1],[0,1],[0,1],[0,1],[0,1],[0,1],[0,1],[0,1],[0,1],[0,1],[0,1],[0,1],[0,1],[0,1],[0,1],[0,1],[0,1],[0,1],[0,1],[0,1],[0,1],[0,1],[0,1],[0,1],[0,1],[0,1],[0,1],[0,1],[0,1],[0,1],[0,1],[0,1],[0,1],[0,1],[0,1],[0,1],[0,1],[0,1],[0,1],[0,1],[0,1],[0,1],[0,1],[0,1],[0,1],[0,1],[0,1],[0,1],[0,1],[0,1],[0,1],[0,1],[0,1],[0,1],[0,1],[0,1],[0,1],[0,1],[0,1],[0,1],[0,1],[0,1],[0,1],[0,1],[0,1],[0,1],[0,1],[0,1],[0,1],[0,1],[0,1],[0,1],[0,1],[0,1],[0,1],[0,1],[0,1],[0,1],[0,1],[0,1],[0,1],[0,1],[0,1],[0,1],[0,1],[0,1],[0,1],[0,1],[0,1],[0,1],[0,1],[0,1],[0,1],[0,1],[0,1],[0,1],[0,1],[0,1],[0,1],[0,1],[0,1],[0,1],[0,1],[0,1],[0,1],[0,1],[0,1],[0,1],[0,1],[0,1],[0,1],[0,1],[0,1],[0,1],[0,1],[0,1],[0,1],[0,1],[0,1],[0,1],[0,1],[0,1],[0,1],[0,1],[0,1],[0,1],[0,1],[0,1],[0,1],[0,1],[0,1],[0,1],[0,1],[0,1],[0,1],[0,1],[0,1],[0,1],[0,1],[0,1],[0,1],[0,1],[0,1],[0,1],[0,1],[0,1],[0,1],[0,1],[0,1],[0,1],[0,1],[0,1],[0,1],[0,1],[0,1],[0,1],[0,1],[0,1]]
